0.0000,-17.5900
0.0116,-17.5889
0.0232,-17.5857
0.0347,-17.5803
0.0463,-17.5727
0.0579,-17.5631
0.0695,-17.5513
0.0810,-17.5374
0.0926,-17.5214
0.1042,-17.5034
0.1158,-17.4834
0.1274,-17.4615
0.1389,-17.4376
0.1505,-17.4119
0.1621,-17.3844
0.1737,-17.3551
0.1853,-17.3241
0.1968,-17.2916
0.2084,-17.2575
0.2200,-17.2219
0.2316,-17.1850
0.2431,-17.1469
0.2547,-17.1076
0.2663,-17.0673
0.2779,-17.0261
0.2895,-16.9841
0.3010,-16.9414
0.3126,-16.8983
0.3242,-16.8548
0.3358,-16.8111
0.3473,-16.7674
0.3589,-16.7240
0.3705,-16.6808
0.3821,-16.6383
0.3937,-16.5965
0.4052,-16.5557
0.4168,-16.5161
0.4284,-16.4779
0.4400,-16.4413
0.4516,-16.4067
0.4631,-16.3741
0.4747,-16.3439
0.4863,-16.3161
0.4979,-16.2911
0.5094,-16.2691
0.5210,-16.2501
0.5326,-16.2343
0.5442,-16.2219
0.5558,-16.2130
0.5673,-16.2076
0.5789,-16.2058
0.5856,-16.2057
0.5923,-16.2053
0.5990,-16.2046
0.6057,-16.2035
0.6123,-16.2022
0.6190,-16.2006
0.6257,-16.1986
0.6324,-16.1964
0.6391,-16.1939
0.6458,-16.1911
0.6524,-16.1880
0.6591,-16.1846
0.6658,-16.1810
0.6725,-16.1772
0.6792,-16.1731
0.6859,-16.1687
0.6926,-16.1642
0.6992,-16.1594
0.7059,-16.1545
0.7126,-16.1494
0.7193,-16.1441
0.7260,-16.1387
0.7327,-16.1332
0.7393,-16.1275
0.7460,-16.1218
0.7527,-16.1160
0.7594,-16.1101
0.7661,-16.1042
0.7728,-16.0983
0.7795,-16.0924
0.7861,-16.0866
0.7928,-16.0808
0.7995,-16.0750
0.8062,-16.0694
0.8129,-16.0639
0.8196,-16.0586
0.8262,-16.0535
0.8329,-16.0485
0.8396,-16.0438
0.8463,-16.0394
0.8530,-16.0353
0.8597,-16.0314
0.8664,-16.0280
0.8730,-16.0249
0.8797,-16.0222
0.8864,-16.0199
0.8931,-16.0181
0.8998,-16.0168
0.9065,-16.0160
0.9131,-16.0157
0.9265,-16.0169
0.9399,-16.0204
0.9533,-16.0266
0.9666,-16.0355
0.9800,-16.0474
0.9934,-16.0621
1.0067,-16.0799
1.0201,-16.1008
1.0335,-16.1247
1.0468,-16.1517
1.0602,-16.1817
1.0736,-16.2144
1.0870,-16.2499
1.1003,-16.2880
1.1137,-16.3285
1.1271,-16.3712
1.1404,-16.4158
1.1538,-16.4621
1.1672,-16.5099
1.1805,-16.5590
1.1939,-16.6090
1.2073,-16.6598
1.2206,-16.7110
1.2340,-16.7624
1.2474,-16.8139
1.2608,-16.8650
1.2741,-16.9158
1.2875,-16.9658
1.3009,-17.0149
1.3142,-17.0629
1.3276,-17.1097
1.3410,-17.1550
1.3543,-17.1987
1.3677,-17.2407
1.3811,-17.2808
1.3944,-17.3188
1.4078,-17.3548
1.4212,-17.3884
1.4346,-17.4198
1.4479,-17.4487
1.4613,-17.4751
1.4747,-17.4989
1.4880,-17.5200
1.5014,-17.5384
1.5148,-17.5541
1.5281,-17.5670
1.5415,-17.5771
1.5549,-17.5842
1.5682,-17.5886
1.5816,-17.5900
0.0000,-17.5900
0.0116,-17.5889
0.0232,-17.5857
0.0347,-17.5803
0.0463,-17.5727
0.0579,-17.5631
0.0695,-17.5513
0.0810,-17.5374
0.0926,-17.5214
0.1042,-17.5034
0.1158,-17.4834
0.1274,-17.4615
0.1389,-17.4376
0.1505,-17.4119
0.1621,-17.3844
0.1737,-17.3551
0.1853,-17.3241
0.1968,-17.2916
0.2084,-17.2575
0.2200,-17.2219
0.2316,-17.1850
0.2431,-17.1469
0.2547,-17.1076
0.2663,-17.0673
0.2779,-17.0261
0.2895,-16.9841
0.3010,-16.9414
0.3126,-16.8983
0.3242,-16.8548
0.3358,-16.8111
0.3473,-16.7674
0.3589,-16.7240
0.3705,-16.6808
0.3821,-16.6383
0.3937,-16.5965
0.4052,-16.5557
0.4168,-16.5161
0.4284,-16.4779
0.4400,-16.4413
0.4516,-16.4067
0.4631,-16.3741
0.4747,-16.3439
0.4863,-16.3161
0.4979,-16.2911
0.5094,-16.2691
0.5210,-16.2501
0.5326,-16.2343
0.5442,-16.2219
0.5558,-16.2130
0.5673,-16.2076
0.5789,-16.2058
0.5856,-16.2056
0.5923,-16.2050
0.5990,-16.2042
0.6057,-16.2030
0.6123,-16.2016
0.6190,-16.1998
0.6257,-16.1977
0.6324,-16.1954
0.6391,-16.1927
0.6458,-16.1898
0.6524,-16.1865
0.6591,-16.1831
0.6658,-16.1793
0.6725,-16.1754
0.6792,-16.1711
0.6859,-16.1667
0.6926,-16.1620
0.6992,-16.1572
0.7059,-16.1521
0.7126,-16.1469
0.7193,-16.1415
0.7260,-16.1360
0.7327,-16.1303
0.7393,-16.1246
0.7460,-16.1188
0.7527,-16.1128
0.7594,-16.1069
0.7661,-16.1009
0.7728,-16.0949
0.7795,-16.0889
0.7861,-16.0830
0.7928,-16.0771
0.7995,-16.0713
0.8062,-16.0656
0.8129,-16.0600
0.8196,-16.0547
0.8262,-16.0495
0.8329,-16.0445
0.8396,-16.0397
0.8463,-16.0352
0.8530,-16.0310
0.8597,-16.0272
0.8664,-16.0237
0.8730,-16.0205
0.8797,-16.0178
0.8864,-16.0155
0.8931,-16.0137
0.8998,-16.0124
0.9065,-16.0116
0.9131,-16.0113
0.9265,-16.0124
0.9399,-16.0160
0.9533,-16.0223
0.9666,-16.0313
0.9800,-16.0432
0.9934,-16.0581
1.0067,-16.0760
1.0201,-16.0970
1.0335,-16.1211
1.0468,-16.1482
1.0602,-16.1783
1.0736,-16.2113
1.0870,-16.2469
1.1003,-16.2852
1.1137,-16.3259
1.1271,-16.3687
1.1404,-16.4135
1.1538,-16.4600
1.1672,-16.5080
1.1805,-16.5572
1.1939,-16.6074
1.2073,-16.6583
1.2206,-16.7097
1.2340,-16.7613
1.2474,-16.8128
1.2608,-16.8641
1.2741,-16.9149
1.2875,-16.9650
1.3009,-17.0143
1.3142,-17.0624
1.3276,-17.1092
1.3410,-17.1546
1.3543,-17.1984
1.3677,-17.2404
1.3811,-17.2805
1.3944,-17.3187
1.4078,-17.3546
1.4212,-17.3883
1.4346,-17.4197
1.4479,-17.4486
1.4613,-17.4750
1.4747,-17.4988
1.4880,-17.5200
1.5014,-17.5384
1.5148,-17.5541
1.5281,-17.5670
1.5415,-17.5771
1.5549,-17.5842
1.5682,-17.5886
1.5816,-17.5900
0.0000,-6.1845
0.0116,-6.1831
0.0232,-6.1789
0.0347,-6.1720
0.0463,-6.1624
0.0579,-6.1500
0.0695,-6.1349
0.0810,-6.1171
0.0926,-6.0966
0.1042,-6.0735
0.1158,-6.0477
0.1274,-6.0194
0.1389,-5.9885
0.1505,-5.9551
0.1621,-5.9192
0.1737,-5.8810
0.1853,-5.8405
0.1968,-5.9350
0.2084,-6.0560
0.2200,-6.1781
0.2316,-6.3011
0.2431,-6.4244
0.2547,-6.5478
0.2663,-6.6708
0.2779,-6.7932
0.2895,-6.9145
0.3010,-7.0345
0.3126,-7.1529
0.3242,-7.2693
0.3358,-7.3835
0.3473,-7.4951
0.3589,-7.6039
0.3705,-7.7096
0.3821,-7.8117
0.3937,-7.9102
0.4052,-8.0045
0.4168,-8.0946
0.4284,-8.1800
0.4400,-8.2605
0.4516,-8.3359
0.4631,-8.4057
0.4747,-8.4699
0.4863,-8.5280
0.4979,-8.5800
0.5094,-8.6255
0.5210,-8.6643
0.5326,-8.6963
0.5442,-8.7214
0.5558,-8.7394
0.5673,-8.7503
0.5789,-8.7539
0.5856,-8.7534
0.5923,-8.7521
0.5990,-8.7498
0.6057,-8.7465
0.6123,-8.7423
0.6190,-8.7371
0.6257,-8.7311
0.6324,-8.7240
0.6391,-8.7160
0.6458,-8.7071
0.6524,-8.6973
0.6591,-8.6865
0.6658,-8.6748
0.6725,-8.6622
0.6792,-8.6486
0.6859,-8.6342
0.6926,-8.6188
0.6992,-8.6025
0.7059,-8.5854
0.7126,-8.5674
0.7193,-8.5484
0.7260,-8.5286
0.7327,-8.5080
0.7393,-8.4865
0.7460,-8.4641
0.7527,-8.4409
0.7594,-8.4169
0.7661,-8.3921
0.7728,-8.3664
0.7795,-8.3400
0.7861,-8.3128
0.7928,-8.2848
0.7995,-8.2561
0.8062,-8.2267
0.8129,-8.1965
0.8196,-8.1657
0.8262,-8.1343
0.8329,-8.1023
0.8396,-8.0697
0.8463,-8.0366
0.8530,-8.0031
0.8597,-7.9693
0.8664,-7.9353
0.8730,-7.9014
0.8797,-7.8680
0.8864,-7.8356
0.8931,-7.8054
0.8998,-7.7794
0.9065,-7.7608
0.9131,-7.7539
0.9265,-7.7779
0.9399,-7.8275
0.9533,-7.8811
0.9666,-7.9312
0.9800,-7.9752
0.9934,-8.0118
1.0067,-8.0406
1.0201,-8.0610
1.0335,-8.0729
1.0468,-8.0762
1.0602,-8.0708
1.0736,-8.0568
1.0870,-8.0342
1.1003,-8.0031
1.1137,-7.9638
1.1271,-7.9164
1.1404,-7.8612
1.1538,-7.7987
1.1672,-7.7291
1.1805,-7.6525
1.1939,-7.5692
1.2073,-7.4797
1.2206,-7.3843
1.2340,-7.2835
1.2474,-7.1775
1.2608,-7.0668
1.2741,-6.9518
1.2875,-6.8330
1.3009,-6.7109
1.3142,-6.5858
1.3276,-6.4584
1.3410,-6.3292
1.3543,-6.1988
1.3677,-6.0677
1.3811,-5.9366
1.3944,-5.8336
1.4078,-5.8805
1.4212,-5.9245
1.4346,-5.9653
1.4479,-6.0028
1.4613,-6.0369
1.4747,-6.0676
1.4880,-6.0948
1.5014,-6.1185
1.5148,-6.1386
1.5281,-6.1551
1.5415,-6.1679
1.5549,-6.1771
1.5682,-6.1826
1.5816,-6.1845
0.0000,-6.1845
0.0116,-6.1831
0.0232,-6.1789
0.0347,-6.1720
0.0463,-6.1624
0.0579,-6.1500
0.0695,-6.1349
0.0810,-6.1171
0.0926,-6.0966
0.1042,-6.0735
0.1158,-6.0477
0.1274,-6.0194
0.1389,-5.9885
0.1505,-5.9551
0.1621,-5.9192
0.1737,-5.8810
0.1853,-5.8405
0.1968,-5.9350
0.2084,-6.0560
0.2200,-6.1781
0.2316,-6.3011
0.2431,-6.4244
0.2547,-6.5478
0.2663,-6.6708
0.2779,-6.7932
0.2895,-6.9145
0.3010,-7.0345
0.3126,-7.1529
0.3242,-7.2693
0.3358,-7.3835
0.3473,-7.4951
0.3589,-7.6039
0.3705,-7.7096
0.3821,-7.8117
0.3937,-7.9102
0.4052,-8.0045
0.4168,-8.0946
0.4284,-8.1800
0.4400,-8.2605
0.4516,-8.3359
0.4631,-8.4057
0.4747,-8.4699
0.4863,-8.5280
0.4979,-8.5800
0.5094,-8.6255
0.5210,-8.6643
0.5326,-8.6963
0.5442,-8.7214
0.5558,-8.7394
0.5673,-8.7503
0.5789,-8.7539
0.5856,-8.7533
0.5923,-8.7518
0.5990,-8.7494
0.6057,-8.7460
0.6123,-8.7417
0.6190,-8.7364
0.6257,-8.7302
0.6324,-8.7231
0.6391,-8.7150
0.6458,-8.7059
0.6524,-8.6960
0.6591,-8.6851
0.6658,-8.6733
0.6725,-8.6605
0.6792,-8.6469
0.6859,-8.6323
0.6926,-8.6168
0.6992,-8.6004
0.7059,-8.5831
0.7126,-8.5650
0.7193,-8.5460
0.7260,-8.5260
0.7327,-8.5053
0.7393,-8.4837
0.7460,-8.4612
0.7527,-8.4379
0.7594,-8.4137
0.7661,-8.3888
0.7728,-8.3630
0.7795,-8.3365
0.7861,-8.3091
0.7928,-8.2810
0.7995,-8.2522
0.8062,-8.2227
0.8129,-8.1924
0.8196,-8.1615
0.8262,-8.1300
0.8329,-8.0978
0.8396,-8.0651
0.8463,-8.0319
0.8530,-7.9983
0.8597,-7.9643
0.8664,-7.9302
0.8730,-7.8962
0.8797,-7.8626
0.8864,-7.8300
0.8931,-7.7996
0.8998,-7.7734
0.9065,-7.7546
0.9131,-7.7477
0.9265,-7.7719
0.9399,-7.8219
0.9533,-7.8759
0.9666,-7.9263
0.9800,-7.9706
0.9934,-8.0077
1.0067,-8.0368
1.0201,-8.0576
1.0335,-8.0699
1.0468,-8.0735
1.0602,-8.0685
1.0736,-8.0549
1.0870,-8.0326
1.1003,-8.0019
1.1137,-7.9630
1.1271,-7.9160
1.1404,-7.8611
1.1538,-7.7984
1.1672,-7.7284
1.1805,-7.6515
1.1939,-7.5679
1.2073,-7.4781
1.2206,-7.3825
1.2340,-7.2814
1.2474,-7.1751
1.2608,-7.0642
1.2741,-6.9491
1.2875,-6.8301
1.3009,-6.7078
1.3142,-6.5826
1.3276,-6.4551
1.3410,-6.3258
1.3543,-6.1953
1.3677,-6.0642
1.3811,-5.9332
1.3944,-5.8333
1.4078,-5.8805
1.4212,-5.9245
1.4346,-5.9653
1.4479,-6.0028
1.4613,-6.0369
1.4747,-6.0676
1.4880,-6.0948
1.5014,-6.1185
1.5148,-6.1386
1.5281,-6.1551
1.5415,-6.1679
1.5549,-6.1771
1.5682,-6.1826
1.5816,-6.1845
0.0000,-4.6377
0.0116,-4.6415
0.0232,-4.6565
0.0347,-4.6848
0.0463,-4.7251
0.0579,-4.7761
0.0695,-4.8371
0.0810,-4.9071
0.0926,-4.9854
0.1042,-5.0712
0.1158,-5.1635
0.1274,-5.2616
0.1389,-5.3648
0.1505,-5.4725
0.1621,-5.5839
0.1737,-5.6984
0.1853,-5.8155
0.1968,-5.7974
0.2084,-5.7524
0.2200,-5.7052
0.2316,-5.6560
0.2431,-5.6048
0.2547,-5.5518
0.2663,-5.4971
0.2779,-5.4408
0.2895,-5.3831
0.3010,-5.3241
0.3126,-5.2640
0.3242,-5.2030
0.3358,-5.1414
0.3473,-5.1357
0.3589,-5.1565
0.3705,-5.1766
0.3821,-5.1960
0.3937,-5.2147
0.4052,-5.2324
0.4168,-5.2493
0.4284,-5.2653
0.4400,-5.2802
0.4516,-5.2942
0.4631,-5.3070
0.4747,-5.3187
0.4863,-5.3293
0.4979,-5.3387
0.5094,-5.3470
0.5210,-5.3539
0.5326,-5.3597
0.5442,-5.3642
0.5558,-5.3674
0.5673,-5.3693
0.5789,-5.3699
0.5856,-5.3719
0.5923,-5.3774
0.5990,-5.3865
0.6057,-5.3991
0.6123,-5.4152
0.6190,-5.4347
0.6257,-5.4575
0.6324,-5.4834
0.6391,-5.5123
0.6458,-5.5443
0.6524,-5.5791
0.6591,-5.6165
0.6658,-5.6565
0.6725,-5.6988
0.6792,-5.7434
0.6859,-5.7900
0.6926,-5.8386
0.6992,-5.8888
0.7059,-5.9407
0.7126,-5.9939
0.7193,-6.0485
0.7260,-6.1042
0.7327,-6.1609
0.7393,-6.2185
0.7460,-6.2767
0.7527,-6.3355
0.7594,-6.3947
0.7661,-6.4542
0.7728,-6.5139
0.7795,-6.5736
0.7861,-6.6333
0.7928,-6.6927
0.7995,-6.7518
0.8062,-6.8105
0.8129,-6.8687
0.8196,-6.9263
0.8262,-6.9830
0.8329,-7.0389
0.8396,-7.0938
0.8463,-7.1475
0.8530,-7.2000
0.8597,-7.2510
0.8664,-7.3003
0.8730,-7.3477
0.8797,-7.3927
0.8864,-7.4346
0.8931,-7.4723
0.8998,-7.5038
0.9065,-7.5256
0.9131,-7.5336
0.9265,-7.5051
0.9399,-7.4419
0.9533,-7.3655
0.9666,-7.2830
0.9800,-7.1970
0.9934,-7.1088
1.0067,-7.0188
1.0201,-6.9277
1.0335,-6.8356
1.0468,-6.7430
1.0602,-6.6501
1.0736,-6.5571
1.0870,-6.4643
1.1003,-6.3720
1.1137,-6.2805
1.1271,-6.1898
1.1404,-6.1005
1.1538,-6.0125
1.1672,-5.9262
1.1805,-5.8418
1.1939,-5.7596
1.2073,-5.6796
1.2206,-5.6020
1.2340,-5.5272
1.2474,-5.4551
1.2608,-5.3859
1.2741,-5.3198
1.2875,-5.3581
1.3009,-5.4256
1.3142,-5.4911
1.3276,-5.5545
1.3410,-5.6156
1.3543,-5.6742
1.3677,-5.7301
1.3811,-5.7832
1.3944,-5.8064
1.4078,-5.6777
1.4212,-5.5513
1.4346,-5.4283
1.4479,-5.3096
1.4613,-5.1963
1.4747,-5.0897
1.4880,-4.9910
1.5014,-4.9015
1.5148,-4.8227
1.5281,-4.7559
1.5415,-4.7025
1.5549,-4.6642
1.5682,-4.6430
1.5816,-4.6377
0.0000,-4.6377
0.0116,-4.6415
0.0232,-4.6565
0.0347,-4.6848
0.0463,-4.7251
0.0579,-4.7761
0.0695,-4.8371
0.0810,-4.9071
0.0926,-4.9854
0.1042,-5.0712
0.1158,-5.1635
0.1274,-5.2616
0.1389,-5.3648
0.1505,-5.4725
0.1621,-5.5839
0.1737,-5.6984
0.1853,-5.8155
0.1968,-5.7974
0.2084,-5.7524
0.2200,-5.7052
0.2316,-5.6560
0.2431,-5.6048
0.2547,-5.5518
0.2663,-5.4971
0.2779,-5.4408
0.2895,-5.3831
0.3010,-5.3241
0.3126,-5.2640
0.3242,-5.2030
0.3358,-5.1414
0.3473,-5.1357
0.3589,-5.1565
0.3705,-5.1766
0.3821,-5.1960
0.3937,-5.2147
0.4052,-5.2324
0.4168,-5.2493
0.4284,-5.2653
0.4400,-5.2802
0.4516,-5.2942
0.4631,-5.3070
0.4747,-5.3187
0.4863,-5.3293
0.4979,-5.3387
0.5094,-5.3470
0.5210,-5.3539
0.5326,-5.3597
0.5442,-5.3642
0.5558,-5.3674
0.5673,-5.3693
0.5789,-5.3699
0.5856,-5.3716
0.5923,-5.3768
0.5990,-5.3856
0.6057,-5.3979
0.6123,-5.4137
0.6190,-5.4329
0.6257,-5.4554
0.6324,-5.4810
0.6391,-5.5097
0.6458,-5.5414
0.6524,-5.5759
0.6591,-5.6131
0.6658,-5.6529
0.6725,-5.6950
0.6792,-5.7393
0.6859,-5.7858
0.6926,-5.8341
0.6992,-5.8842
0.7059,-5.9359
0.7126,-5.9890
0.7193,-6.0434
0.7260,-6.0990
0.7327,-6.1556
0.7393,-6.2130
0.7460,-6.2711
0.7527,-6.3298
0.7594,-6.3889
0.7661,-6.4484
0.7728,-6.5080
0.7795,-6.5677
0.7861,-6.6273
0.7928,-6.6867
0.7995,-6.7458
0.8062,-6.8045
0.8129,-6.8627
0.8196,-6.9202
0.8262,-6.9770
0.8329,-7.0329
0.8396,-7.0878
0.8463,-7.1416
0.8530,-7.1941
0.8597,-7.2452
0.8664,-7.2946
0.8730,-7.3421
0.8797,-7.3872
0.8864,-7.4292
0.8931,-7.4671
0.8998,-7.4987
0.9065,-7.5208
0.9131,-7.5288
0.9265,-7.5001
0.9399,-7.4365
0.9533,-7.3597
0.9666,-7.2770
0.9800,-7.1908
0.9934,-7.1024
1.0067,-7.0123
1.0201,-6.9209
1.0335,-6.8287
1.0468,-6.7360
1.0602,-6.6429
1.0736,-6.5498
1.0870,-6.4569
1.1003,-6.3645
1.1137,-6.2728
1.1271,-6.1822
1.1404,-6.0927
1.1538,-6.0047
1.1672,-5.9184
1.1805,-5.8340
1.1939,-5.7518
1.2073,-5.6718
1.2206,-5.5943
1.2340,-5.5195
1.2474,-5.4476
1.2608,-5.3786
1.2741,-5.3131
1.2875,-5.3580
1.3009,-5.4255
1.3142,-5.4911
1.3276,-5.5545
1.3410,-5.6156
1.3543,-5.6741
1.3677,-5.7300
1.3811,-5.7831
1.3944,-5.8026
1.4078,-5.6742
1.4212,-5.5479
1.4346,-5.4250
1.4479,-5.3064
1.4613,-5.1934
1.4747,-5.0870
1.4880,-4.9885
1.5014,-4.8993
1.5148,-4.8208
1.5281,-4.7543
1.5415,-4.7014
1.5549,-4.6635
1.5682,-4.6429
1.5816,-4.6377
0.0000,-4.6222
0.0116,-4.6252
0.0232,-4.6307
0.0347,-4.6362
0.0463,-4.6426
0.0579,-4.6502
0.0695,-4.6593
0.0810,-4.6698
0.0926,-4.6818
0.1042,-4.6951
0.1158,-4.7097
0.1274,-4.7255
0.1389,-4.7425
0.1505,-4.7605
0.1621,-4.7795
0.1737,-4.7994
0.1853,-4.8200
0.1968,-4.8413
0.2084,-4.8632
0.2200,-4.8856
0.2316,-4.9083
0.2431,-4.9313
0.2547,-4.9545
0.2663,-4.9778
0.2779,-5.0010
0.2895,-5.0242
0.3010,-5.0472
0.3126,-5.0699
0.3242,-5.0922
0.3358,-5.1139
0.3473,-5.0787
0.3589,-5.0162
0.3705,-4.9536
0.3821,-4.8912
0.3937,-4.8294
0.4052,-4.7684
0.4168,-4.7086
0.4284,-4.6504
0.4400,-4.5941
0.4516,-4.5402
0.4631,-4.4890
0.4747,-4.4410
0.4863,-4.3965
0.4979,-4.3561
0.5094,-4.3201
0.5210,-4.2889
0.5326,-4.2629
0.5442,-4.2423
0.5558,-4.2273
0.5673,-4.2183
0.5789,-4.2153
0.5856,-4.2151
0.5923,-4.2144
0.5990,-4.2133
0.6057,-4.2117
0.6123,-4.2096
0.6190,-4.2071
0.6257,-4.2042
0.6324,-4.2008
0.6391,-4.1970
0.6458,-4.1928
0.6524,-4.1881
0.6591,-4.1831
0.6658,-4.1777
0.6725,-4.1719
0.6792,-4.1657
0.6859,-4.1592
0.6926,-4.1523
0.6992,-4.1452
0.7059,-4.1377
0.7126,-4.1300
0.7193,-4.1220
0.7260,-4.1138
0.7327,-4.1054
0.7393,-4.0968
0.7460,-4.0881
0.7527,-4.0792
0.7594,-4.0703
0.7661,-4.0612
0.7728,-4.0521
0.7795,-4.0431
0.7861,-4.0340
0.7928,-4.0250
0.7995,-4.0161
0.8062,-4.0074
0.8129,-3.9988
0.8196,-3.9905
0.8262,-3.9824
0.8329,-3.9747
0.8396,-3.9672
0.8463,-3.9602
0.8530,-3.9536
0.8597,-3.9475
0.8664,-3.9420
0.8730,-3.9370
0.8797,-3.9327
0.8864,-3.9291
0.8931,-3.9261
0.8998,-3.9240
0.9065,-3.9227
0.9131,-3.9222
0.9265,-3.9241
0.9399,-3.9300
0.9533,-3.9401
0.9666,-3.9548
0.9800,-3.9743
0.9934,-3.9986
1.0067,-4.0279
1.0201,-4.0621
1.0335,-4.1012
1.0468,-4.1451
1.0602,-4.1935
1.0736,-4.2462
1.0870,-4.3027
1.1003,-4.3629
1.1137,-4.4263
1.1271,-4.4925
1.1404,-4.5611
1.1538,-4.6315
1.1672,-4.7036
1.1805,-4.7767
1.1939,-4.8506
1.2073,-4.9247
1.2206,-4.9989
1.2340,-5.0727
1.2474,-5.1458
1.2608,-5.2178
1.2741,-5.2887
1.2875,-5.2568
1.3009,-5.1969
1.3142,-5.1402
1.3276,-5.0868
1.3410,-5.0367
1.3543,-4.9898
1.3677,-4.9461
1.3811,-4.9056
1.3944,-4.8682
1.4078,-4.8338
1.4212,-4.8024
1.4346,-4.7739
1.4479,-4.7482
1.4613,-4.7252
1.4747,-4.7049
1.4880,-4.6871
1.5014,-4.6718
1.5148,-4.6589
1.5281,-4.6482
1.5415,-4.6397
1.5549,-4.6328
1.5682,-4.6261
1.5816,-4.6222
0.0000,-4.6222
0.0116,-4.6252
0.0232,-4.6307
0.0347,-4.6362
0.0463,-4.6426
0.0579,-4.6502
0.0695,-4.6593
0.0810,-4.6698
0.0926,-4.6818
0.1042,-4.6951
0.1158,-4.7097
0.1274,-4.7255
0.1389,-4.7425
0.1505,-4.7605
0.1621,-4.7795
0.1737,-4.7994
0.1853,-4.8200
0.1968,-4.8413
0.2084,-4.8632
0.2200,-4.8856
0.2316,-4.9083
0.2431,-4.9313
0.2547,-4.9545
0.2663,-4.9778
0.2779,-5.0010
0.2895,-5.0242
0.3010,-5.0472
0.3126,-5.0699
0.3242,-5.0922
0.3358,-5.1139
0.3473,-5.0787
0.3589,-5.0162
0.3705,-4.9536
0.3821,-4.8912
0.3937,-4.8294
0.4052,-4.7684
0.4168,-4.7086
0.4284,-4.6504
0.4400,-4.5941
0.4516,-4.5402
0.4631,-4.4890
0.4747,-4.4410
0.4863,-4.3965
0.4979,-4.3561
0.5094,-4.3201
0.5210,-4.2889
0.5326,-4.2629
0.5442,-4.2423
0.5558,-4.2273
0.5673,-4.2183
0.5789,-4.2153
0.5856,-4.2151
0.5923,-4.2144
0.5990,-4.2133
0.6057,-4.2117
0.6123,-4.2096
0.6190,-4.2071
0.6257,-4.2042
0.6324,-4.2008
0.6391,-4.1970
0.6458,-4.1927
0.6524,-4.1881
0.6591,-4.1831
0.6658,-4.1776
0.6725,-4.1718
0.6792,-4.1657
0.6859,-4.1592
0.6926,-4.1523
0.6992,-4.1452
0.7059,-4.1377
0.7126,-4.1300
0.7193,-4.1220
0.7260,-4.1138
0.7327,-4.1054
0.7393,-4.0968
0.7460,-4.0881
0.7527,-4.0792
0.7594,-4.0702
0.7661,-4.0612
0.7728,-4.0521
0.7795,-4.0430
0.7861,-4.0340
0.7928,-4.0250
0.7995,-4.0161
0.8062,-4.0074
0.8129,-3.9988
0.8196,-3.9905
0.8262,-3.9824
0.8329,-3.9746
0.8396,-3.9672
0.8463,-3.9602
0.8530,-3.9536
0.8597,-3.9475
0.8664,-3.9420
0.8730,-3.9370
0.8797,-3.9327
0.8864,-3.9290
0.8931,-3.9261
0.8998,-3.9240
0.9065,-3.9226
0.9131,-3.9222
0.9265,-3.9241
0.9399,-3.9299
0.9533,-3.9401
0.9666,-3.9548
0.9800,-3.9743
0.9934,-3.9986
1.0067,-4.0279
1.0201,-4.0621
1.0335,-4.1012
1.0468,-4.1451
1.0602,-4.1935
1.0736,-4.2461
1.0870,-4.3027
1.1003,-4.3629
1.1137,-4.4263
1.1271,-4.4925
1.1404,-4.5610
1.1538,-4.6315
1.1672,-4.7035
1.1805,-4.7767
1.1939,-4.8505
1.2073,-4.9247
1.2206,-4.9988
1.2340,-5.0726
1.2474,-5.1457
1.2608,-5.2178
1.2741,-5.2880
1.2875,-5.2494
1.3009,-5.1898
1.3142,-5.1334
1.3276,-5.0802
1.3410,-5.0303
1.3543,-4.9837
1.3677,-4.9402
1.3811,-4.9000
1.3944,-4.8629
1.4078,-4.8288
1.4212,-4.7978
1.4346,-4.7696
1.4479,-4.7442
1.4613,-4.7216
1.4747,-4.7017
1.4880,-4.6843
1.5014,-4.6694
1.5148,-4.6569
1.5281,-4.6466
1.5415,-4.6385
1.5549,-4.6321
1.5682,-4.6260
1.5816,-4.6222
0.0000,-1.0086
0.0116,-1.0044
0.0232,-0.9921
0.0347,-0.9718
0.0463,-0.9440
0.0579,-0.9090
0.0695,-0.8675
0.0810,-0.8200
0.0926,-0.7671
0.1042,-0.7094
0.1158,-0.6473
0.1274,-0.5815
0.1389,-0.5121
0.1505,-0.4397
0.1621,-0.3644
0.1737,-0.2866
0.1853,-0.2065
0.1968,-0.1242
0.2084,-0.0398
0.2200,0.0465
0.2316,0.1345
0.2431,0.2242
0.2547,0.3155
0.2663,0.4082
0.2779,0.5023
0.2895,0.5974
0.3010,0.6936
0.3126,0.7906
0.3242,0.8881
0.3358,0.9858
0.3473,1.0834
0.3589,1.1805
0.3705,1.2767
0.3821,1.3714
0.3937,1.4640
0.4052,1.5539
0.4168,1.6404
0.4284,1.7226
0.4400,1.7231
0.4516,1.6842
0.4631,1.6442
0.4747,1.6044
0.4863,1.5656
0.4979,1.5289
0.5094,1.4952
0.5210,1.4652
0.5326,1.4397
0.5442,1.4192
0.5558,1.4042
0.5673,1.3950
0.5789,1.3920
0.5856,1.3925
0.5923,1.3940
0.5990,1.3964
0.6057,1.3999
0.6123,1.4044
0.6190,1.4098
0.6257,1.4162
0.6324,1.4236
0.6391,1.4320
0.6458,1.4413
0.6524,1.4515
0.6591,1.4627
0.6658,1.4747
0.6725,1.4877
0.6792,1.5015
0.6859,1.5162
0.6926,1.5317
0.6992,1.5480
0.7059,1.5650
0.7126,1.5829
0.7193,1.6014
0.7260,1.6206
0.7327,1.6404
0.7393,1.6608
0.7460,1.6817
0.7527,1.7031
0.7594,1.7249
0.7661,1.7470
0.7728,1.7694
0.7795,1.7919
0.7861,1.8146
0.7928,1.8373
0.7995,1.8598
0.8062,1.8821
0.8129,1.9041
0.8196,1.9256
0.8262,1.9464
0.8329,1.9665
0.8396,1.9857
0.8463,2.0038
0.8530,2.0207
0.8597,2.0362
0.8664,2.0502
0.8730,2.0625
0.8797,2.0731
0.8864,2.0818
0.8931,2.0885
0.8998,2.0933
0.9065,2.0962
0.9131,2.0971
0.9265,2.0936
0.9399,2.0837
0.9533,2.0689
0.9666,2.0509
0.9800,2.0312
0.9934,2.0115
1.0067,1.9930
1.0201,1.9768
1.0335,1.9636
1.0468,1.9540
1.0602,1.9479
1.0736,1.9454
1.0870,1.9461
1.1003,1.9496
1.1137,1.9550
1.1271,1.9616
1.1404,1.9684
1.1538,1.9743
1.1672,1.9360
1.1805,1.7865
1.1939,1.6396
1.2073,1.4955
1.2206,1.3544
1.2340,1.2163
1.2474,1.0814
1.2608,0.9498
1.2741,0.8213
1.2875,0.6962
1.3009,0.5744
1.3142,0.4559
1.3276,0.3407
1.3410,0.2288
1.3543,0.1202
1.3677,0.0149
1.3811,-0.0870
1.3944,-0.1856
1.4078,-0.2806
1.4212,-0.3720
1.4346,-0.4594
1.4479,-0.5426
1.4613,-0.6212
1.4747,-0.6946
1.4880,-0.7623
1.5014,-0.8235
1.5148,-0.8774
1.5281,-0.9231
1.5415,-0.9598
1.5549,-0.9867
1.5682,-1.0031
1.5816,-1.0086
0.0000,-1.0086
0.0116,-1.0044
0.0232,-0.9921
0.0347,-0.9718
0.0463,-0.9440
0.0579,-0.9090
0.0695,-0.8675
0.0810,-0.8200
0.0926,-0.7671
0.1042,-0.7094
0.1158,-0.6473
0.1274,-0.5815
0.1389,-0.5121
0.1505,-0.4397
0.1621,-0.3644
0.1737,-0.2866
0.1853,-0.2065
0.1968,-0.1242
0.2084,-0.0398
0.2200,0.0465
0.2316,0.1345
0.2431,0.2242
0.2547,0.3155
0.2663,0.4082
0.2779,0.5023
0.2895,0.5975
0.3010,0.6936
0.3126,0.7906
0.3242,0.8881
0.3358,0.9858
0.3473,1.0834
0.3589,1.1805
0.3705,1.2767
0.3821,1.3714
0.3937,1.4640
0.4052,1.5539
0.4168,1.6404
0.4284,1.7226
0.4400,1.7231
0.4516,1.6842
0.4631,1.6442
0.4747,1.6044
0.4863,1.5656
0.4979,1.5289
0.5094,1.4952
0.5210,1.4652
0.5326,1.4397
0.5442,1.4192
0.5558,1.4042
0.5673,1.3950
0.5789,1.3920
0.5856,1.3925
0.5923,1.3940
0.5990,1.3965
0.6057,1.3999
0.6123,1.4044
0.6190,1.4098
0.6257,1.4163
0.6324,1.4237
0.6391,1.4320
0.6458,1.4413
0.6524,1.4515
0.6591,1.4627
0.6658,1.4747
0.6725,1.4877
0.6792,1.5015
0.6859,1.5162
0.6926,1.5317
0.6992,1.5480
0.7059,1.5651
0.7126,1.5829
0.7193,1.6014
0.7260,1.6206
0.7327,1.6404
0.7393,1.6608
0.7460,1.6817
0.7527,1.7031
0.7594,1.7249
0.7661,1.7470
0.7728,1.7694
0.7795,1.7920
0.7861,1.8146
0.7928,1.8373
0.7995,1.8598
0.8062,1.8822
0.8129,1.9041
0.8196,1.9256
0.8262,1.9465
0.8329,1.9666
0.8396,1.9857
0.8463,2.0039
0.8530,2.0207
0.8597,2.0362
0.8664,2.0502
0.8730,2.0625
0.8797,2.0731
0.8864,2.0818
0.8931,2.0885
0.8998,2.0933
0.9065,2.0962
0.9131,2.0971
0.9265,2.0936
0.9399,2.0837
0.9533,2.0690
0.9666,2.0509
0.9800,2.0312
0.9934,2.0115
1.0067,1.9930
1.0201,1.9768
1.0335,1.9637
1.0468,1.9540
1.0602,1.9479
1.0736,1.9454
1.0870,1.9462
1.1003,1.9496
1.1137,1.9551
1.1271,1.9617
1.1404,1.9685
1.1538,1.9744
1.1672,1.9362
1.1805,1.7867
1.1939,1.6397
1.2073,1.4956
1.2206,1.3544
1.2340,1.2164
1.2474,1.0816
1.2608,0.9499
1.2741,0.8216
1.2875,0.6965
1.3009,0.5747
1.3142,0.4563
1.3276,0.3411
1.3410,0.2292
1.3543,0.1206
1.3677,0.0153
1.3811,-0.0867
1.3944,-0.1853
1.4078,-0.2803
1.4212,-0.3717
1.4346,-0.4591
1.4479,-0.5424
1.4613,-0.6210
1.4747,-0.6945
1.4880,-0.7622
1.5014,-0.8234
1.5148,-0.8774
1.5281,-0.9231
1.5415,-0.9598
1.5549,-0.9867
1.5682,-1.0031
1.5816,-1.0086
0.0000,0.9606
0.0116,0.9622
0.0232,0.9671
0.0347,0.9753
0.0463,0.9868
0.0579,1.0014
0.0695,1.0192
0.0810,1.0402
0.0926,1.0642
0.1042,1.0912
0.1158,1.1211
0.1274,1.1537
0.1389,1.1890
0.1505,1.2268
0.1621,1.2669
0.1737,1.3091
0.1853,1.3532
0.1968,1.3987
0.2084,1.4454
0.2200,1.4929
0.2316,1.5407
0.2431,1.5882
0.2547,1.6347
0.2663,1.6796
0.2779,1.7221
0.2895,1.7613
0.3010,1.7964
0.3126,1.8263
0.3242,1.8505
0.3358,1.8680
0.3473,1.8785
0.3589,1.8816
0.3705,1.8772
0.3821,1.8657
0.3937,1.8475
0.4052,1.8232
0.4168,1.7937
0.4284,1.7601
0.4400,1.8002
0.4516,1.8720
0.4631,1.9377
0.4747,1.9966
0.4863,2.0487
0.4979,2.0937
0.5094,2.1317
0.5210,2.1630
0.5326,2.1879
0.5442,2.2067
0.5558,2.2199
0.5673,2.2277
0.5789,2.2303
0.5856,2.2323
0.5923,2.2383
0.5990,2.2483
0.6057,2.2623
0.6123,2.2802
0.6190,2.3019
0.6257,2.3272
0.6324,2.3562
0.6391,2.3885
0.6458,2.4242
0.6524,2.4629
0.6591,2.5046
0.6658,2.5491
0.6725,2.5961
0.6792,2.6454
0.6859,2.6969
0.6926,2.7504
0.6992,2.8056
0.7059,2.8623
0.7126,2.9202
0.7193,2.9791
0.7260,3.0388
0.7327,3.0992
0.7393,3.1598
0.7460,3.2206
0.7527,3.2813
0.7594,3.3417
0.7661,3.4015
0.7728,3.4604
0.7795,3.5182
0.7861,3.5748
0.7928,3.6298
0.7995,3.6830
0.8062,3.7342
0.8129,3.7833
0.8196,3.8298
0.8262,3.8739
0.8329,3.9151
0.8396,3.9536
0.8463,3.9890
0.8530,4.0213
0.8597,4.0505
0.8664,4.0765
0.8730,4.0992
0.8797,4.1186
0.8864,4.1346
0.8931,4.1472
0.8998,4.1564
0.9065,4.1619
0.9131,4.1638
0.9265,4.1560
0.9399,4.1318
0.9533,4.0899
0.9666,4.0294
0.9800,3.9500
0.9934,3.8529
1.0067,3.7398
1.0201,3.6133
1.0335,3.4764
1.0468,3.3315
1.0602,3.1810
1.0736,3.0267
1.0870,2.8701
1.1003,2.7126
1.1137,2.5549
1.1271,2.3978
1.1404,2.2421
1.1538,2.0880
1.1672,1.9784
1.1805,1.9792
1.1939,1.9760
1.2073,1.9677
1.2206,1.9536
1.2340,1.9332
1.2474,1.9064
1.2608,1.8734
1.2741,1.8345
1.2875,1.7904
1.3009,1.7421
1.3142,1.6904
1.3276,1.6363
1.3410,1.5809
1.3543,1.5249
1.3677,1.4691
1.3811,1.4143
1.3944,1.3610
1.4078,1.3099
1.4212,1.2612
1.4346,1.2154
1.4479,1.1728
1.4613,1.1336
1.4747,1.0980
1.4880,1.0663
1.5014,1.0386
1.5148,1.0149
1.5281,0.9954
1.5415,0.9802
1.5549,0.9693
1.5682,0.9628
1.5816,0.9606
0.0000,0.9606
0.0116,0.9622
0.0232,0.9671
0.0347,0.9753
0.0463,0.9868
0.0579,1.0014
0.0695,1.0192
0.0810,1.0402
0.0926,1.0642
0.1042,1.0912
0.1158,1.1211
0.1274,1.1537
0.1389,1.1890
0.1505,1.2268
0.1621,1.2669
0.1737,1.3091
0.1853,1.3532
0.1968,1.3987
0.2084,1.4454
0.2200,1.4929
0.2316,1.5407
0.2431,1.5882
0.2547,1.6347
0.2663,1.6796
0.2779,1.7221
0.2895,1.7613
0.3010,1.7964
0.3126,1.8263
0.3242,1.8505
0.3358,1.8680
0.3473,1.8785
0.3589,1.8816
0.3705,1.8772
0.3821,1.8657
0.3937,1.8475
0.4052,1.8232
0.4168,1.7937
0.4284,1.7602
0.4400,1.8003
0.4516,1.8720
0.4631,1.9377
0.4747,1.9966
0.4863,2.0487
0.4979,2.0937
0.5094,2.1317
0.5210,2.1630
0.5326,2.1879
0.5442,2.2067
0.5558,2.2199
0.5673,2.2277
0.5789,2.2303
0.5856,2.2323
0.5923,2.2384
0.5990,2.2485
0.6057,2.2626
0.6123,2.2805
0.6190,2.3022
0.6257,2.3276
0.6324,2.3566
0.6391,2.3890
0.6458,2.4246
0.6524,2.4634
0.6591,2.5051
0.6658,2.5495
0.6725,2.5964
0.6792,2.6458
0.6859,2.6972
0.6926,2.7506
0.6992,2.8057
0.7059,2.8623
0.7126,2.9203
0.7193,2.9794
0.7260,3.0393
0.7327,3.0998
0.7393,3.1607
0.7460,3.2217
0.7527,3.2826
0.7594,3.3432
0.7661,3.4032
0.7728,3.4623
0.7795,3.5204
0.7861,3.5773
0.7928,3.6325
0.7995,3.6860
0.8062,3.7375
0.8129,3.7867
0.8196,3.8336
0.8262,3.8778
0.8329,3.9193
0.8396,3.9579
0.8463,3.9935
0.8530,4.0260
0.8597,4.0553
0.8664,4.0814
0.8730,4.1042
0.8797,4.1237
0.8864,4.1398
0.8931,4.1525
0.8998,4.1617
0.9065,4.1672
0.9131,4.1691
0.9265,4.1613
0.9399,4.1370
0.9533,4.0949
0.9666,4.0341
0.9800,3.9543
0.9934,3.8567
1.0067,3.7431
1.0201,3.6162
1.0335,3.4788
1.0468,3.3336
1.0602,3.1827
1.0736,3.0281
1.0870,2.8714
1.1003,2.7136
1.1137,2.5557
1.1271,2.3985
1.1404,2.2426
1.1538,2.0885
1.1672,1.9785
1.1805,1.9793
1.1939,1.9760
1.2073,1.9677
1.2206,1.9536
1.2340,1.9332
1.2474,1.9064
1.2608,1.8734
1.2741,1.8345
1.2875,1.7904
1.3009,1.7421
1.3142,1.6904
1.3276,1.6363
1.3410,1.5809
1.3543,1.5249
1.3677,1.4691
1.3811,1.4143
1.3944,1.3610
1.4078,1.3099
1.4212,1.2612
1.4346,1.2154
1.4479,1.1728
1.4613,1.1336
1.4747,1.0980
1.4880,1.0663
1.5014,1.0386
1.5148,1.0149
1.5281,0.9954
1.5415,0.9802
1.5549,0.9693
1.5682,0.9628
1.5816,0.9606
0.0000,1.3957
0.0116,1.3979
0.0232,1.4044
0.0347,1.4154
0.0463,1.4307
0.0579,1.4503
0.0695,1.4742
0.0810,1.5023
0.0926,1.5347
0.1042,1.5713
0.1158,1.6120
0.1274,1.6569
0.1389,1.7058
0.1505,1.7588
0.1621,1.8157
0.1737,1.8767
0.1853,1.9416
0.1968,2.0105
0.2084,2.0832
0.2200,2.1599
0.2316,2.2404
0.2431,2.3247
0.2547,2.4128
0.2663,2.5047
0.2779,2.6002
0.2895,2.6993
0.3010,2.8019
0.3126,2.9079
0.3242,3.0169
0.3358,3.1287
0.3473,3.2428
0.3589,3.3582
0.3705,3.4735
0.3821,3.5861
0.3937,3.6916
0.4052,3.7841
0.4168,3.8584
0.4284,3.9151
0.4400,3.9599
0.4516,3.9990
0.4631,4.0371
0.4747,4.0767
0.4863,4.1190
0.4979,4.1640
0.5094,4.2108
0.5210,4.2576
0.5326,4.3021
0.5442,4.3414
0.5558,4.3724
0.5673,4.3923
0.5789,4.3992
0.5856,4.3996
0.5923,4.4008
0.5990,4.4027
0.6057,4.4055
0.6123,4.4090
0.6190,4.4134
0.6257,4.4185
0.6324,4.4245
0.6391,4.4312
0.6458,4.4387
0.6524,4.4470
0.6591,4.4561
0.6658,4.4660
0.6725,4.4767
0.6792,4.4881
0.6859,4.5003
0.6926,4.5133
0.6992,4.5271
0.7059,4.5417
0.7126,4.5570
0.7193,4.5732
0.7260,4.5902
0.7327,4.6080
0.7393,4.6267
0.7460,4.6462
0.7527,4.6666
0.7594,4.6878
0.7661,4.7101
0.7728,4.7332
0.7795,4.7573
0.7861,4.7824
0.7928,4.8084
0.7995,4.8354
0.8062,4.8632
0.8129,4.8559
0.8196,4.8053
0.8262,4.7561
0.8329,4.7085
0.8396,4.6630
0.8463,4.6201
0.8530,4.5800
0.8597,4.5431
0.8664,4.5098
0.8730,4.4802
0.8797,4.4548
0.8864,4.4337
0.8931,4.4171
0.8998,4.4052
0.9065,4.3980
0.9131,4.3956
0.9265,4.4051
0.9399,4.4332
0.9533,4.4788
0.9666,4.5401
0.9800,4.6153
0.9934,4.7020
1.0067,4.7977
1.0201,4.8989
1.0335,4.9369
1.0468,4.9177
1.0602,4.9029
1.0736,4.8914
1.0870,4.8800
1.1003,4.8514
1.1137,4.7359
1.1271,4.5657
1.1404,4.3900
1.1538,4.2167
1.1672,4.0474
1.1805,3.8829
1.1939,3.7232
1.2073,3.5686
1.2206,3.4192
1.2340,3.2749
1.2474,3.1358
1.2608,3.0020
1.2741,2.8734
1.2875,2.7500
1.3009,2.6320
1.3142,2.5192
1.3276,2.4117
1.3410,2.3095
1.3543,2.2126
1.3677,2.1209
1.3811,2.0346
1.3944,1.9537
1.4078,1.8780
1.4212,1.8077
1.4346,1.7428
1.4479,1.6833
1.4613,1.6292
1.4747,1.5807
1.4880,1.5376
1.5014,1.5002
1.5148,1.4684
1.5281,1.4423
1.5415,1.4219
1.5549,1.4073
1.5682,1.3986
1.5816,1.3957
0.0000,1.3957
0.0116,1.3979
0.0232,1.4044
0.0347,1.4154
0.0463,1.4307
0.0579,1.4503
0.0695,1.4742
0.0810,1.5023
0.0926,1.5347
0.1042,1.5713
0.1158,1.6120
0.1274,1.6569
0.1389,1.7058
0.1505,1.7588
0.1621,1.8157
0.1737,1.8767
0.1853,1.9416
0.1968,2.0105
0.2084,2.0832
0.2200,2.1599
0.2316,2.2404
0.2431,2.3247
0.2547,2.4128
0.2663,2.5047
0.2779,2.6002
0.2895,2.6993
0.3010,2.8019
0.3126,2.9079
0.3242,3.0169
0.3358,3.1287
0.3473,3.2428
0.3589,3.3582
0.3705,3.4735
0.3821,3.5861
0.3937,3.6916
0.4052,3.7841
0.4168,3.8584
0.4284,3.9151
0.4400,3.9599
0.4516,3.9990
0.4631,4.0371
0.4747,4.0767
0.4863,4.1190
0.4979,4.1640
0.5094,4.2108
0.5210,4.2576
0.5326,4.3021
0.5442,4.3414
0.5558,4.3724
0.5673,4.3923
0.5789,4.3992
0.5856,4.3997
0.5923,4.4009
0.5990,4.4030
0.6057,4.4058
0.6123,4.4095
0.6190,4.4139
0.6257,4.4192
0.6324,4.4252
0.6391,4.4321
0.6458,4.4397
0.6524,4.4481
0.6591,4.4573
0.6658,4.4673
0.6725,4.4781
0.6792,4.4896
0.6859,4.5019
0.6926,4.5151
0.6992,4.5290
0.7059,4.5437
0.7126,4.5592
0.7193,4.5755
0.7260,4.5927
0.7327,4.6106
0.7393,4.6295
0.7460,4.6491
0.7527,4.6697
0.7594,4.6912
0.7661,4.7136
0.7728,4.7369
0.7795,4.7612
0.7861,4.7865
0.7928,4.8127
0.7995,4.8399
0.8062,4.8680
0.8129,4.8560
0.8196,4.8054
0.8262,4.7562
0.8329,4.7086
0.8396,4.6631
0.8463,4.6202
0.8530,4.5801
0.8597,4.5432
0.8664,4.5098
0.8730,4.4803
0.8797,4.4549
0.8864,4.4338
0.8931,4.4172
0.8998,4.4053
0.9065,4.3981
0.9131,4.3957
0.9265,4.4052
0.9399,4.4333
0.9533,4.4789
0.9666,4.5402
0.9800,4.6153
0.9934,4.7021
1.0067,4.7978
1.0201,4.8989
1.0335,4.9404
1.0468,4.9207
1.0602,4.9056
1.0736,4.8937
1.0870,4.8817
1.1003,4.8517
1.1137,4.7364
1.1271,4.5660
1.1404,4.3902
1.1538,4.2168
1.1672,4.0475
1.1805,3.8829
1.1939,3.7233
1.2073,3.5687
1.2206,3.4192
1.2340,3.2749
1.2474,3.1358
1.2608,3.0020
1.2741,2.8734
1.2875,2.7501
1.3009,2.6320
1.3142,2.5192
1.3276,2.4117
1.3410,2.3095
1.3543,2.2126
1.3677,2.1210
1.3811,2.0347
1.3944,1.9537
1.4078,1.8780
1.4212,1.8077
1.4346,1.7428
1.4479,1.6833
1.4613,1.6292
1.4747,1.5807
1.4880,1.5376
1.5014,1.5002
1.5148,1.4684
1.5281,1.4423
1.5415,1.4219
1.5549,1.4073
1.5682,1.3986
1.5816,1.3957
0.0000,2.0129
0.0116,2.0154
0.0232,2.0229
0.0347,2.0353
0.0463,2.0527
0.0579,2.0749
0.0695,2.1019
0.0810,2.1335
0.0926,2.1698
0.1042,2.2105
0.1158,2.2556
0.1274,2.3049
0.1389,2.3583
0.1505,2.4045
0.1621,2.4503
0.1737,2.4990
0.1853,2.5506
0.1968,2.6051
0.2084,2.6622
0.2200,2.7220
0.2316,2.7842
0.2431,2.8488
0.2547,2.9157
0.2663,2.9848
0.2779,3.0562
0.2895,3.1298
0.3010,3.2057
0.3126,3.2843
0.3242,3.3656
0.3358,3.4500
0.3473,3.5378
0.3589,3.6294
0.3705,3.7250
0.3821,3.8249
0.3937,3.9292
0.4052,4.0379
0.4168,4.1509
0.4284,4.2679
0.4400,4.3886
0.4516,4.5126
0.4631,4.6392
0.4747,4.7675
0.4863,4.8964
0.4979,5.0244
0.5094,5.1494
0.5210,5.2686
0.5326,5.3781
0.5442,5.4731
0.5558,5.5476
0.5673,5.5956
0.5789,5.6122
0.5856,5.6121
0.5923,5.6120
0.5990,5.6118
0.6057,5.6114
0.6123,5.6109
0.6190,5.6101
0.6257,5.6090
0.6324,5.6074
0.6391,5.6052
0.6458,5.6024
0.6524,5.5987
0.6591,5.5939
0.6658,5.5879
0.6725,5.5805
0.6792,5.5713
0.6859,5.5603
0.6926,5.5470
0.6992,5.5313
0.7059,5.5130
0.7126,5.4917
0.7193,5.4674
0.7260,5.4399
0.7327,5.4092
0.7393,5.3752
0.7460,5.3381
0.7527,5.2980
0.7594,5.2552
0.7661,5.2098
0.7728,5.1624
0.7795,5.1132
0.7861,5.0626
0.7928,5.0112
0.7995,4.9593
0.8062,4.9075
0.8129,4.8921
0.8196,4.9215
0.8262,4.9516
0.8329,4.9822
0.8396,5.0129
0.8463,5.0435
0.8530,5.0736
0.8597,5.1028
0.8664,5.1306
0.8730,5.1564
0.8797,5.1797
0.8864,5.1998
0.8931,5.2162
0.8998,5.2282
0.9065,5.2357
0.9131,5.2382
0.9265,5.2284
0.9399,5.2014
0.9533,5.1622
0.9666,5.1169
0.9800,5.0711
0.9934,5.0288
1.0067,4.9921
1.0201,4.9615
1.0335,4.9998
1.0468,5.0901
1.0602,5.1476
1.0736,5.1377
1.0870,5.0517
1.1003,4.9215
1.1137,4.7746
1.1271,4.6233
1.1404,4.4731
1.1538,4.3265
1.1672,4.1848
1.1805,4.0488
1.1939,3.9188
1.2073,3.7949
1.2206,3.6772
1.2340,3.5654
1.2474,3.4591
1.2608,3.3580
1.2741,3.2615
1.2875,3.1693
1.3009,3.0809
1.3142,2.9962
1.3276,2.9149
1.3410,2.8369
1.3543,2.7624
1.3677,2.6913
1.3811,2.6237
1.3944,2.5598
1.4078,2.4998
1.4212,2.4436
1.4346,2.3915
1.4479,2.3342
1.4613,2.2748
1.4747,2.2210
1.4880,2.1731
1.5014,2.1311
1.5148,2.0953
1.5281,2.0658
1.5415,2.0428
1.5549,2.0262
1.5682,2.0162
1.5816,2.0129
0.0000,2.0129
0.0116,2.0154
0.0232,2.0229
0.0347,2.0353
0.0463,2.0527
0.0579,2.0749
0.0695,2.1019
0.0810,2.1335
0.0926,2.1698
0.1042,2.2105
0.1158,2.2556
0.1274,2.3049
0.1389,2.3583
0.1505,2.4045
0.1621,2.4503
0.1737,2.4990
0.1853,2.5506
0.1968,2.6051
0.2084,2.6622
0.2200,2.7220
0.2316,2.7842
0.2431,2.8488
0.2547,2.9157
0.2663,2.9848
0.2779,3.0562
0.2895,3.1298
0.3010,3.2057
0.3126,3.2843
0.3242,3.3656
0.3358,3.4500
0.3473,3.5378
0.3589,3.6294
0.3705,3.7250
0.3821,3.8249
0.3937,3.9292
0.4052,4.0379
0.4168,4.1509
0.4284,4.2679
0.4400,4.3886
0.4516,4.5126
0.4631,4.6392
0.4747,4.7675
0.4863,4.8964
0.4979,5.0244
0.5094,5.1494
0.5210,5.2686
0.5326,5.3781
0.5442,5.4731
0.5558,5.5476
0.5673,5.5956
0.5789,5.6122
0.5856,5.6121
0.5923,5.6120
0.5990,5.6118
0.6057,5.6114
0.6123,5.6109
0.6190,5.6101
0.6257,5.6090
0.6324,5.6074
0.6391,5.6052
0.6458,5.6024
0.6524,5.5987
0.6591,5.5939
0.6658,5.5879
0.6725,5.5805
0.6792,5.5714
0.6859,5.5603
0.6926,5.5470
0.6992,5.5313
0.7059,5.5130
0.7126,5.4917
0.7193,5.4674
0.7260,5.4399
0.7327,5.4092
0.7393,5.3753
0.7460,5.3382
0.7527,5.2981
0.7594,5.2552
0.7661,5.2099
0.7728,5.1624
0.7795,5.1132
0.7861,5.0627
0.7928,5.0113
0.7995,4.9594
0.8062,4.9075
0.8129,4.8969
0.8196,4.9266
0.8262,4.9568
0.8329,4.9875
0.8396,5.0184
0.8463,5.0491
0.8530,5.0793
0.8597,5.1087
0.8664,5.1365
0.8730,5.1624
0.8797,5.1858
0.8864,5.2059
0.8931,5.2223
0.8998,5.2344
0.9065,5.2418
0.9131,5.2444
0.9265,5.2346
0.9399,5.2075
0.9533,5.1680
0.9666,5.1224
0.9800,5.0763
0.9934,5.0336
1.0067,4.9964
1.0201,4.9654
1.0335,4.9999
1.0468,5.0901
1.0602,5.1476
1.0736,5.1377
1.0870,5.0517
1.1003,4.9215
1.1137,4.7746
1.1271,4.6233
1.1404,4.4731
1.1538,4.3265
1.1672,4.1848
1.1805,4.0488
1.1939,3.9188
1.2073,3.7949
1.2206,3.6772
1.2340,3.5654
1.2474,3.4591
1.2608,3.3580
1.2741,3.2615
1.2875,3.1693
1.3009,3.0809
1.3142,2.9962
1.3276,2.9149
1.3410,2.8369
1.3543,2.7624
1.3677,2.6913
1.3811,2.6237
1.3944,2.5598
1.4078,2.4998
1.4212,2.4436
1.4346,2.3916
1.4479,2.3343
1.4613,2.2749
1.4747,2.2211
1.4880,2.1731
1.5014,2.1312
1.5148,2.0954
1.5281,2.0659
1.5415,2.0428
1.5549,2.0262
1.5682,2.0162
1.5816,2.0129
0.0000,2.1112
0.0116,2.1130
0.0232,2.1183
0.0347,2.1271
0.0463,2.1394
0.0579,2.1553
0.0695,2.1746
0.0810,2.1974
0.0926,2.2237
0.1042,2.2533
0.1158,2.2862
0.1274,2.3224
0.1389,2.3619
0.1505,2.4157
0.1621,2.4769
0.1737,2.5417
0.1853,2.6101
0.1968,2.6819
0.2084,2.7569
0.2200,2.8350
0.2316,2.9160
0.2431,2.9997
0.2547,3.0857
0.2663,3.1739
0.2779,3.2638
0.2895,3.3549
0.3010,3.4467
0.3126,3.5381
0.3242,3.6282
0.3358,3.7156
0.3473,3.7987
0.3589,3.8760
0.3705,3.9471
0.3821,4.0133
0.3937,4.0798
0.4052,4.1545
0.4168,4.2456
0.4284,4.3557
0.4400,4.4819
0.4516,4.6199
0.4631,4.7663
0.4747,4.9188
0.4863,5.0759
0.4979,5.2360
0.5094,5.3970
0.5210,5.5553
0.5326,5.7036
0.5442,5.8274
0.5558,5.9094
0.5673,5.9491
0.5789,5.9601
0.5856,5.9609
0.5923,5.9633
0.5990,5.9672
0.6057,5.9726
0.6123,5.9797
0.6190,5.9882
0.6257,5.9984
0.6324,6.0100
0.6391,6.0232
0.6458,6.0378
0.6524,6.0540
0.6591,6.0716
0.6658,6.0906
0.6725,6.1110
0.6792,6.1327
0.6859,6.1558
0.6926,6.1801
0.6992,6.2057
0.7059,6.2323
0.7126,6.2601
0.7193,6.2888
0.7260,6.3184
0.7327,6.3488
0.7393,6.3798
0.7460,6.4114
0.7527,6.4432
0.7594,6.4752
0.7661,6.5072
0.7728,6.5388
0.7795,6.5698
0.7861,6.5999
0.7928,6.6288
0.7995,6.6560
0.8062,6.6812
0.8129,6.7040
0.8196,6.7239
0.8262,6.7406
0.8329,6.7537
0.8396,6.7630
0.8463,6.7684
0.8530,6.7701
0.8597,6.7682
0.8664,6.7634
0.8730,6.7563
0.8797,6.7478
0.8864,6.7388
0.8931,6.7304
0.8998,6.7234
0.9065,6.7189
0.9131,6.7172
0.9265,6.7239
0.9399,6.7415
0.9533,6.7607
0.9666,6.7610
0.9800,6.7071
0.9934,6.5752
1.0067,6.3914
1.0201,6.1877
1.0335,5.9786
1.0468,5.7698
1.0602,5.5640
1.0736,5.3630
1.0870,5.1704
1.1003,5.0033
1.1137,4.9300
1.1271,4.9171
1.1404,4.9027
1.1538,4.8342
1.1672,4.7031
1.1805,4.5545
1.1939,4.4041
1.2073,4.2558
1.2206,4.1106
1.2340,3.9694
1.2474,3.8324
1.2608,3.6997
1.2741,3.5714
1.2875,3.4476
1.3009,3.3285
1.3142,3.2139
1.3276,3.1040
1.3410,2.9988
1.3543,2.8983
1.3677,2.8027
1.3811,2.7119
1.3944,2.6261
1.4078,2.5453
1.4212,2.4696
1.4346,2.3993
1.4479,2.3437
1.4613,2.3000
1.4747,2.2608
1.4880,2.2260
1.5014,2.1957
1.5148,2.1700
1.5281,2.1488
1.5415,2.1324
1.5549,2.1206
1.5682,2.1135
1.5816,2.1112
0.0000,2.1112
0.0116,2.1130
0.0232,2.1183
0.0347,2.1271
0.0463,2.1394
0.0579,2.1553
0.0695,2.1746
0.0810,2.1974
0.0926,2.2237
0.1042,2.2533
0.1158,2.2862
0.1274,2.3224
0.1389,2.3619
0.1505,2.4157
0.1621,2.4769
0.1737,2.5417
0.1853,2.6101
0.1968,2.6819
0.2084,2.7569
0.2200,2.8350
0.2316,2.9160
0.2431,2.9997
0.2547,3.0857
0.2663,3.1739
0.2779,3.2638
0.2895,3.3549
0.3010,3.4467
0.3126,3.5381
0.3242,3.6282
0.3358,3.7156
0.3473,3.7987
0.3589,3.8760
0.3705,3.9471
0.3821,4.0133
0.3937,4.0798
0.4052,4.1545
0.4168,4.2456
0.4284,4.3557
0.4400,4.4819
0.4516,4.6199
0.4631,4.7663
0.4747,4.9188
0.4863,5.0759
0.4979,5.2360
0.5094,5.3970
0.5210,5.5553
0.5326,5.7036
0.5442,5.8274
0.5558,5.9094
0.5673,5.9491
0.5789,5.9601
0.5856,5.9609
0.5923,5.9633
0.5990,5.9673
0.6057,5.9728
0.6123,5.9798
0.6190,5.9884
0.6257,5.9986
0.6324,6.0103
0.6391,6.0235
0.6458,6.0382
0.6524,6.0543
0.6591,6.0719
0.6658,6.0910
0.6725,6.1114
0.6792,6.1332
0.6859,6.1563
0.6926,6.1806
0.6992,6.2062
0.7059,6.2329
0.7126,6.2606
0.7193,6.2894
0.7260,6.3190
0.7327,6.3494
0.7393,6.3804
0.7460,6.4119
0.7527,6.4438
0.7594,6.4758
0.7661,6.5077
0.7728,6.5393
0.7795,6.5703
0.7861,6.6004
0.7928,6.6293
0.7995,6.6565
0.8062,6.6817
0.8129,6.7044
0.8196,6.7243
0.8262,6.7410
0.8329,6.7541
0.8396,6.7634
0.8463,6.7688
0.8530,6.7705
0.8597,6.7687
0.8664,6.7639
0.8730,6.7569
0.8797,6.7484
0.8864,6.7394
0.8931,6.7310
0.8998,6.7241
0.9065,6.7195
0.9131,6.7178
0.9265,6.7245
0.9399,6.7421
0.9533,6.7613
0.9666,6.7614
0.9800,6.7075
0.9934,6.5756
1.0067,6.3917
1.0201,6.1881
1.0335,5.9790
1.0468,5.7703
1.0602,5.5645
1.0736,5.3637
1.0870,5.1714
1.1003,5.0054
1.1137,4.9327
1.1271,4.9189
1.1404,4.9029
1.1538,4.8355
1.1672,4.7040
1.1805,4.5549
1.1939,4.4043
1.2073,4.2558
1.2206,4.1107
1.2340,3.9696
1.2474,3.8326
1.2608,3.6999
1.2741,3.5716
1.2875,3.4479
1.3009,3.3287
1.3142,3.2142
1.3276,3.1043
1.3410,2.9990
1.3543,2.8986
1.3677,2.8029
1.3811,2.7121
1.3944,2.6263
1.4078,2.5455
1.4212,2.4698
1.4346,2.3994
1.4479,2.3437
1.4613,2.3000
1.4747,2.2608
1.4880,2.2260
1.5014,2.1957
1.5148,2.1700
1.5281,2.1488
1.5415,2.1324
1.5549,2.1206
1.5682,2.1135
1.5816,2.1112
0.0000,3.4035
0.0116,3.4060
0.0232,3.4138
0.0347,3.4266
0.0463,3.4446
0.0579,3.4675
0.0695,3.4955
0.0810,3.5282
0.0926,3.5657
0.1042,3.6078
0.1158,3.6543
0.1274,3.7050
0.1389,3.7598
0.1505,3.8018
0.1621,3.8330
0.1737,3.8658
0.1853,3.9001
0.1968,3.9358
0.2084,3.9730
0.2200,4.0115
0.2316,4.0514
0.2431,4.0928
0.2547,4.1359
0.2663,4.1811
0.2779,4.2288
0.2895,4.2793
0.3010,4.3333
0.3126,4.3914
0.3242,4.4541
0.3358,4.5218
0.3473,4.5951
0.3589,4.6741
0.3705,4.7590
0.3821,4.8346
0.3937,4.8973
0.4052,4.9754
0.4168,5.0667
0.4284,5.1684
0.4400,5.2779
0.4516,5.3924
0.4631,5.5095
0.4747,5.6267
0.4863,5.7408
0.4979,5.8487
0.5094,5.9468
0.5210,6.0333
0.5326,6.1115
0.5442,6.1954
0.5558,6.3050
0.5673,6.4412
0.5789,6.5450
0.5856,6.5456
0.5923,6.5475
0.5990,6.5508
0.6057,6.5553
0.6123,6.5611
0.6190,6.5683
0.6257,6.5767
0.6324,6.5864
0.6391,6.5974
0.6458,6.6097
0.6524,6.6232
0.6591,6.6381
0.6658,6.6542
0.6725,6.6716
0.6792,6.6903
0.6859,6.7102
0.6926,6.7315
0.6992,6.7539
0.7059,6.7777
0.7126,6.8027
0.7193,6.8289
0.7260,6.8564
0.7327,6.8851
0.7393,6.9074
0.7460,6.9275
0.7527,6.9468
0.7594,6.9655
0.7661,6.9840
0.7728,7.0026
0.7795,7.0219
0.7861,7.0421
0.7928,7.0635
0.7995,7.0864
0.8062,7.1109
0.8129,7.1370
0.8196,7.1646
0.8262,7.1938
0.8329,7.2243
0.8396,7.2561
0.8463,7.2889
0.8530,7.3226
0.8597,7.3568
0.8664,7.3912
0.8730,7.4253
0.8797,7.4584
0.8864,7.4898
0.8931,7.5181
0.8998,7.5418
0.9065,7.5585
0.9131,7.5648
0.9265,7.5319
0.9399,7.4252
0.9533,7.2619
0.9666,7.0698
0.9800,6.8664
0.9934,6.6605
1.0067,6.4572
1.0201,6.2604
1.0335,6.0750
1.0468,5.9098
1.0602,5.7839
1.0736,5.7253
1.0870,5.7291
1.1003,5.6045
1.1137,5.4304
1.1271,5.2643
1.1404,5.1186
1.1538,5.0373
1.1672,5.0306
1.1805,5.0515
1.1939,4.9665
1.2073,4.8525
1.2206,4.7459
1.2340,4.6469
1.2474,4.5555
1.2608,4.4717
1.2741,4.3948
1.2875,4.3243
1.3009,4.2594
1.3142,4.1994
1.3276,4.1435
1.3410,4.0911
1.3543,4.0415
1.3677,3.9946
1.3811,3.9499
1.3944,3.9074
1.4078,3.8670
1.4212,3.8289
1.4346,3.7931
1.4479,3.7358
1.4613,3.6744
1.4747,3.6187
1.4880,3.5691
1.5014,3.5257
1.5148,3.4887
1.5281,3.4582
1.5415,3.4343
1.5549,3.4172
1.5682,3.4069
1.5816,3.4035
0.0000,3.4035
0.0116,3.4060
0.0232,3.4138
0.0347,3.4266
0.0463,3.4446
0.0579,3.4675
0.0695,3.4955
0.0810,3.5282
0.0926,3.5657
0.1042,3.6078
0.1158,3.6543
0.1274,3.7050
0.1389,3.7598
0.1505,3.8018
0.1621,3.8330
0.1737,3.8658
0.1853,3.9001
0.1968,3.9358
0.2084,3.9730
0.2200,4.0115
0.2316,4.0514
0.2431,4.0928
0.2547,4.1359
0.2663,4.1811
0.2779,4.2288
0.2895,4.2793
0.3010,4.3333
0.3126,4.3914
0.3242,4.4541
0.3358,4.5218
0.3473,4.5951
0.3589,4.6741
0.3705,4.7590
0.3821,4.8346
0.3937,4.8973
0.4052,4.9754
0.4168,5.0667
0.4284,5.1684
0.4400,5.2779
0.4516,5.3924
0.4631,5.5095
0.4747,5.6267
0.4863,5.7408
0.4979,5.8487
0.5094,5.9468
0.5210,6.0333
0.5326,6.1115
0.5442,6.1954
0.5558,6.3050
0.5673,6.4412
0.5789,6.5450
0.5856,6.5456
0.5923,6.5476
0.5990,6.5508
0.6057,6.5553
0.6123,6.5612
0.6190,6.5683
0.6257,6.5767
0.6324,6.5864
0.6391,6.5974
0.6458,6.6097
0.6524,6.6232
0.6591,6.6381
0.6658,6.6542
0.6725,6.6716
0.6792,6.6903
0.6859,6.7103
0.6926,6.7315
0.6992,6.7540
0.7059,6.7777
0.7126,6.8027
0.7193,6.8290
0.7260,6.8564
0.7327,6.8852
0.7393,6.9074
0.7460,6.9275
0.7527,6.9468
0.7594,6.9655
0.7661,6.9840
0.7728,7.0026
0.7795,7.0219
0.7861,7.0421
0.7928,7.0635
0.7995,7.0865
0.8062,7.1109
0.8129,7.1370
0.8196,7.1646
0.8262,7.1938
0.8329,7.2243
0.8396,7.2561
0.8463,7.2889
0.8530,7.3226
0.8597,7.3568
0.8664,7.3912
0.8730,7.4253
0.8797,7.4584
0.8864,7.4898
0.8931,7.5181
0.8998,7.5418
0.9065,7.5585
0.9131,7.5648
0.9265,7.5319
0.9399,7.4252
0.9533,7.2619
0.9666,7.0698
0.9800,6.8664
0.9934,6.6605
1.0067,6.4572
1.0201,6.2604
1.0335,6.0750
1.0468,5.9099
1.0602,5.7839
1.0736,5.7254
1.0870,5.7291
1.1003,5.6059
1.1137,5.4321
1.1271,5.2667
1.1404,5.1224
1.1538,5.0426
1.1672,5.0355
1.1805,5.0561
1.1939,4.9665
1.2073,4.8525
1.2206,4.7459
1.2340,4.6469
1.2474,4.5556
1.2608,4.4717
1.2741,4.3948
1.2875,4.3243
1.3009,4.2594
1.3142,4.1994
1.3276,4.1435
1.3410,4.0911
1.3543,4.0415
1.3677,3.9946
1.3811,3.9499
1.3944,3.9074
1.4078,3.8670
1.4212,3.8289
1.4346,3.7931
1.4479,3.7360
1.4613,3.6745
1.4747,3.6189
1.4880,3.5692
1.5014,3.5258
1.5148,3.4887
1.5281,3.4582
1.5415,3.4343
1.5549,3.4172
1.5682,3.4069
1.5816,3.4035
0.0000,3.5917
0.0116,3.5930
0.0232,3.5970
0.0347,3.6036
0.0463,3.6127
0.0579,3.6244
0.0695,3.6386
0.0810,3.6553
0.0926,3.6743
0.1042,3.6957
0.1158,3.7192
0.1274,3.7448
0.1389,3.7724
0.1505,3.8185
0.1621,3.8806
0.1737,3.9460
0.1853,4.0143
0.1968,4.0851
0.2084,4.1578
0.2200,4.2317
0.2316,4.3061
0.2431,4.3798
0.2547,4.4512
0.2663,4.5185
0.2779,4.5790
0.2895,4.6301
0.3010,4.6695
0.3126,4.6967
0.3242,4.7139
0.3358,4.7257
0.3473,4.7382
0.3589,4.7575
0.3705,4.7885
0.3821,4.8499
0.3937,4.9462
0.4052,5.0479
0.4168,5.1546
0.4284,5.2657
0.4400,5.3807
0.4516,5.4988
0.4631,5.6191
0.4747,5.7406
0.4863,5.8621
0.4979,5.9823
0.5094,6.0994
0.5210,6.2116
0.5326,6.3170
0.5442,6.4132
0.5558,6.4961
0.5673,6.5572
0.5789,6.5809
0.5856,6.5816
0.5923,6.5835
0.5990,6.5867
0.6057,6.5912
0.6123,6.5969
0.6190,6.6039
0.6257,6.6122
0.6324,6.6217
0.6391,6.6324
0.6458,6.6444
0.6524,6.6575
0.6591,6.6719
0.6658,6.6873
0.6725,6.7039
0.6792,6.7215
0.6859,6.7401
0.6926,6.7595
0.6992,6.7798
0.7059,6.8007
0.7126,6.8220
0.7193,6.8437
0.7260,6.8653
0.7327,6.8866
0.7393,6.9151
0.7460,6.9463
0.7527,6.9787
0.7594,7.0123
0.7661,7.0471
0.7728,7.0831
0.7795,7.1202
0.7861,7.1586
0.7928,7.1981
0.7995,7.2387
0.8062,7.2804
0.8129,7.3233
0.8196,7.3672
0.8262,7.4122
0.8329,7.4581
0.8396,7.5051
0.8463,7.5530
0.8530,7.6017
0.8597,7.6513
0.8664,7.7016
0.8730,7.7525
0.8797,7.8040
0.8864,7.8555
0.8931,7.9068
0.8998,7.9564
0.9065,8.0005
0.9131,8.0235
0.9265,7.9066
0.9399,7.6981
0.9533,7.4801
0.9666,7.2748
0.9800,7.1022
0.9934,6.9658
1.0067,6.8309
1.0201,6.6772
1.0335,6.5077
1.0468,6.3295
1.0602,6.1474
1.0736,5.9647
1.0870,5.7832
1.1003,5.7355
1.1137,5.6905
1.1271,5.5942
1.1404,5.4728
1.1538,5.3433
1.1672,5.2135
1.1805,5.0873
1.1939,5.0846
1.2073,5.1256
1.2206,5.1733
1.2340,5.2260
1.2474,5.2402
1.2608,5.1194
1.2741,4.9927
1.2875,4.8693
1.3009,4.7499
1.3142,4.6347
1.3276,4.5237
1.3410,4.4171
1.3543,4.3150
1.3677,4.2174
1.3811,4.1246
1.3944,4.0366
1.4078,3.9535
1.4212,3.8756
1.4346,3.8031
1.4479,3.7598
1.4613,3.7291
1.4747,3.7011
1.4880,3.6760
1.5014,3.6540
1.5148,3.6352
1.5281,3.6197
1.5415,3.6075
1.5549,3.5987
1.5682,3.5935
1.5816,3.5917
0.0000,3.5917
0.0116,3.5930
0.0232,3.5970
0.0347,3.6036
0.0463,3.6127
0.0579,3.6244
0.0695,3.6386
0.0810,3.6553
0.0926,3.6743
0.1042,3.6957
0.1158,3.7192
0.1274,3.7448
0.1389,3.7724
0.1505,3.8185
0.1621,3.8806
0.1737,3.9460
0.1853,4.0143
0.1968,4.0851
0.2084,4.1578
0.2200,4.2317
0.2316,4.3061
0.2431,4.3798
0.2547,4.4512
0.2663,4.5185
0.2779,4.5790
0.2895,4.6301
0.3010,4.6695
0.3126,4.6967
0.3242,4.7139
0.3358,4.7257
0.3473,4.7382
0.3589,4.7575
0.3705,4.7885
0.3821,4.8499
0.3937,4.9462
0.4052,5.0479
0.4168,5.1546
0.4284,5.2657
0.4400,5.3807
0.4516,5.4988
0.4631,5.6191
0.4747,5.7406
0.4863,5.8621
0.4979,5.9823
0.5094,6.0994
0.5210,6.2116
0.5326,6.3170
0.5442,6.4132
0.5558,6.4961
0.5673,6.5572
0.5789,6.5809
0.5856,6.5816
0.5923,6.5835
0.5990,6.5867
0.6057,6.5912
0.6123,6.5969
0.6190,6.6039
0.6257,6.6122
0.6324,6.6217
0.6391,6.6324
0.6458,6.6444
0.6524,6.6575
0.6591,6.6719
0.6658,6.6873
0.6725,6.7039
0.6792,6.7215
0.6859,6.7401
0.6926,6.7595
0.6992,6.7798
0.7059,6.8007
0.7126,6.8220
0.7193,6.8437
0.7260,6.8653
0.7327,6.8866
0.7393,6.9151
0.7460,6.9463
0.7527,6.9787
0.7594,7.0123
0.7661,7.0471
0.7728,7.0831
0.7795,7.1203
0.7861,7.1586
0.7928,7.1981
0.7995,7.2387
0.8062,7.2804
0.8129,7.3233
0.8196,7.3672
0.8262,7.4122
0.8329,7.4581
0.8396,7.5051
0.8463,7.5530
0.8530,7.6017
0.8597,7.6513
0.8664,7.7017
0.8730,7.7526
0.8797,7.8041
0.8864,7.8557
0.8931,7.9070
0.8998,7.9567
0.9065,8.0009
0.9131,8.0241
0.9265,7.9069
0.9399,7.6982
0.9533,7.4803
0.9666,7.2749
0.9800,7.1024
0.9934,6.9660
1.0067,6.8312
1.0201,6.6777
1.0335,6.5084
1.0468,6.3303
1.0602,6.1483
1.0736,5.9657
1.0870,5.7844
1.1003,5.7355
1.1137,5.6905
1.1271,5.5942
1.1404,5.4728
1.1538,5.3433
1.1672,5.2135
1.1805,5.0874
1.1939,5.0889
1.2073,5.1298
1.2206,5.1777
1.2340,5.2309
1.2474,5.2446
1.2608,5.1211
1.2741,4.9941
1.2875,4.8705
1.3009,4.7510
1.3142,4.6356
1.3276,4.5245
1.3410,4.4178
1.3543,4.3156
1.3677,4.2180
1.3811,4.1251
1.3944,4.0370
1.4078,3.9539
1.4212,3.8759
1.4346,3.8033
1.4479,3.7598
1.4613,3.7291
1.4747,3.7011
1.4880,3.6760
1.5014,3.6540
1.5148,3.6352
1.5281,3.6197
1.5415,3.6075
1.5549,3.5987
1.5682,3.5935
1.5816,3.5917
0.0000,5.2866
0.0116,5.2890
0.0232,5.2963
0.0347,5.3084
0.0463,5.3252
0.0579,5.3467
0.0695,5.3727
0.0810,5.4031
0.0926,5.4377
0.1042,5.4761
0.1158,5.5181
0.1274,5.5629
0.1389,5.6097
0.1505,5.6370
0.1621,5.6574
0.1737,5.6794
0.1853,5.7030
0.1968,5.7284
0.2084,5.7557
0.2200,5.7841
0.2316,5.7549
0.2431,5.7074
0.2547,5.6565
0.2663,5.6093
0.2779,5.5716
0.2895,5.5488
0.3010,5.5452
0.3126,5.5631
0.3242,5.6024
0.3358,5.6603
0.3473,5.7334
0.3589,5.8179
0.3705,5.9109
0.3821,6.0097
0.3937,6.1124
0.4052,6.2171
0.4168,6.3220
0.4284,6.4252
0.4400,6.5245
0.4516,6.6175
0.4631,6.7010
0.4747,6.7723
0.4863,6.8292
0.4979,6.8719
0.5094,6.9042
0.5210,6.9321
0.5326,6.9589
0.5442,6.9728
0.5558,6.9257
0.5673,6.7992
0.5789,6.6939
0.5856,6.6946
0.5923,6.6967
0.5990,6.7001
0.6057,6.7050
0.6123,6.7112
0.6190,6.7188
0.6257,6.7278
0.6324,6.7381
0.6391,6.7498
0.6458,6.7629
0.6524,6.7774
0.6591,6.7932
0.6658,6.8103
0.6725,6.8288
0.6792,6.8487
0.6859,6.8699
0.6926,6.8923
0.6992,6.9161
0.7059,6.9412
0.7126,6.9676
0.7193,6.9952
0.7260,7.0240
0.7327,7.0541
0.7393,7.0853
0.7460,7.1177
0.7527,7.1512
0.7594,7.1858
0.7661,7.2115
0.7728,7.2400
0.7795,7.2718
0.7861,7.3064
0.7928,7.3435
0.7995,7.3830
0.8062,7.4245
0.8129,7.4681
0.8196,7.5134
0.8262,7.5604
0.8329,7.6091
0.8396,7.6593
0.8463,7.7111
0.8530,7.7643
0.8597,7.8179
0.8664,7.8677
0.8730,7.9183
0.8797,7.9694
0.8864,8.0204
0.8931,8.0698
0.8998,8.1139
0.9065,8.1435
0.9131,8.1488
0.9265,8.1828
0.9399,8.1179
0.9533,8.0058
0.9666,7.8638
0.9800,7.7448
0.9934,7.6342
1.0067,7.4445
1.0201,7.2516
1.0335,7.0608
1.0468,6.8757
1.0602,6.7006
1.0736,6.5419
1.0870,6.4135
1.1003,6.3422
1.1137,6.3532
1.1271,6.4306
1.1404,6.4472
1.1538,6.2867
1.1672,6.1290
1.1805,5.9745
1.1939,5.8235
1.2073,5.6762
1.2206,5.5330
1.2340,5.3953
1.2474,5.3065
1.2608,5.3628
1.2741,5.4346
1.2875,5.5123
1.3009,5.5943
1.3142,5.6785
1.3276,5.7612
1.3410,5.8349
1.3543,5.8166
1.3677,5.7777
1.3811,5.7426
1.3944,5.7109
1.4078,5.6821
1.4212,5.6559
1.4346,5.6320
1.4479,5.5924
1.4613,5.5373
1.4747,5.4867
1.4880,5.4411
1.5014,5.4009
1.5148,5.3664
1.5281,5.3379
1.5415,5.3156
1.5549,5.2995
1.5682,5.2898
1.5816,5.2866
0.0000,5.2866
0.0116,5.2890
0.0232,5.2963
0.0347,5.3084
0.0463,5.3252
0.0579,5.3467
0.0695,5.3727
0.0810,5.4031
0.0926,5.4377
0.1042,5.4761
0.1158,5.5181
0.1274,5.5629
0.1389,5.6097
0.1505,5.6370
0.1621,5.6574
0.1737,5.6794
0.1853,5.7030
0.1968,5.7284
0.2084,5.7557
0.2200,5.7841
0.2316,5.7549
0.2431,5.7074
0.2547,5.6565
0.2663,5.6093
0.2779,5.5716
0.2895,5.5488
0.3010,5.5452
0.3126,5.5631
0.3242,5.6024
0.3358,5.6603
0.3473,5.7334
0.3589,5.8179
0.3705,5.9109
0.3821,6.0097
0.3937,6.1124
0.4052,6.2171
0.4168,6.3220
0.4284,6.4252
0.4400,6.5245
0.4516,6.6175
0.4631,6.7010
0.4747,6.7723
0.4863,6.8292
0.4979,6.8719
0.5094,6.9042
0.5210,6.9321
0.5326,6.9589
0.5442,6.9728
0.5558,6.9257
0.5673,6.7992
0.5789,6.6939
0.5856,6.6946
0.5923,6.6967
0.5990,6.7001
0.6057,6.7050
0.6123,6.7112
0.6190,6.7188
0.6257,6.7278
0.6324,6.7381
0.6391,6.7499
0.6458,6.7629
0.6524,6.7774
0.6591,6.7932
0.6658,6.8104
0.6725,6.8289
0.6792,6.8487
0.6859,6.8699
0.6926,6.8924
0.6992,6.9162
0.7059,6.9413
0.7126,6.9676
0.7193,6.9952
0.7260,7.0241
0.7327,7.0541
0.7393,7.0854
0.7460,7.1178
0.7527,7.1513
0.7594,7.1859
0.7661,7.2115
0.7728,7.2401
0.7795,7.2718
0.7861,7.3064
0.7928,7.3435
0.7995,7.3830
0.8062,7.4246
0.8129,7.4681
0.8196,7.5134
0.8262,7.5604
0.8329,7.6091
0.8396,7.6593
0.8463,7.7111
0.8530,7.7643
0.8597,7.8181
0.8664,7.8678
0.8730,7.9184
0.8797,7.9696
0.8864,8.0205
0.8931,8.0698
0.8998,8.1139
0.9065,8.1436
0.9131,8.1491
0.9265,8.1829
0.9399,8.1179
0.9533,8.0064
0.9666,7.8645
0.9800,7.7455
0.9934,7.6342
1.0067,7.4445
1.0201,7.2516
1.0335,7.0608
1.0468,6.8758
1.0602,6.7006
1.0736,6.5419
1.0870,6.4136
1.1003,6.3423
1.1137,6.3533
1.1271,6.4307
1.1404,6.4481
1.1538,6.2877
1.1672,6.1300
1.1805,5.9755
1.1939,5.8243
1.2073,5.6769
1.2206,5.5335
1.2340,5.3953
1.2474,5.3070
1.2608,5.3659
1.2741,5.4382
1.2875,5.5162
1.3009,5.5984
1.3142,5.6828
1.3276,5.7659
1.3410,5.8402
1.3543,5.8168
1.3677,5.7778
1.3811,5.7427
1.3944,5.7109
1.4078,5.6821
1.4212,5.6560
1.4346,5.6322
1.4479,5.5931
1.4613,5.5378
1.4747,5.4870
1.4880,5.4413
1.5014,5.4010
1.5148,5.3665
1.5281,5.3380
1.5415,5.3156
1.5549,5.2995
1.5682,5.2898
1.5816,5.2866
0.0000,5.5067
0.0116,5.5075
0.0232,5.5099
0.0347,5.5139
0.0463,5.5194
0.0579,5.5266
0.0695,5.5352
0.0810,5.5454
0.0926,5.5571
0.1042,5.5702
0.1158,5.5848
0.1274,5.6008
0.1389,5.6184
0.1505,5.6579
0.1621,5.7048
0.1737,5.7482
0.1853,5.7839
0.1968,5.8063
0.2084,5.8097
0.2200,5.7928
0.2316,5.8175
0.2431,5.8520
0.2547,5.8894
0.2663,5.9299
0.2779,5.9737
0.2895,6.0211
0.3010,6.0721
0.3126,6.1268
0.3242,6.1851
0.3358,6.2467
0.3473,6.3115
0.3589,6.3790
0.3705,6.4486
0.3821,6.5195
0.3937,6.5910
0.4052,6.6619
0.4168,6.7313
0.4284,6.7979
0.4400,6.8608
0.4516,6.9192
0.4631,6.9725
0.4747,7.0205
0.4863,7.0634
0.4979,7.1012
0.5094,7.1333
0.5210,7.1571
0.5326,7.1669
0.5442,7.1547
0.5558,7.1193
0.5673,7.0777
0.5789,7.0585
0.5856,7.0588
0.5923,7.0596
0.5990,7.0609
0.6057,7.0627
0.6123,7.0650
0.6190,7.0677
0.6257,7.0707
0.6324,7.0740
0.6391,7.0775
0.6458,7.0812
0.6524,7.0848
0.6591,7.0884
0.6658,7.0918
0.6725,7.0949
0.6792,7.0977
0.6859,7.1002
0.6926,7.1024
0.6992,7.1044
0.7059,7.1066
0.7126,7.1091
0.7193,7.1126
0.7260,7.1176
0.7327,7.1248
0.7393,7.1348
0.7460,7.1482
0.7527,7.1654
0.7594,7.1866
0.7661,7.2215
0.7728,7.2581
0.7795,7.2958
0.7861,7.3344
0.7928,7.3739
0.7995,7.4142
0.8062,7.4555
0.8129,7.4976
0.8196,7.5405
0.8262,7.5844
0.8329,7.6291
0.8396,7.6748
0.8463,7.7215
0.8530,7.7692
0.8597,7.8189
0.8664,7.8749
0.8730,7.9321
0.8797,7.9904
0.8864,8.0497
0.8931,8.1094
0.8998,8.1683
0.9065,8.2222
0.9131,8.2502
0.9265,8.1836
0.9399,8.1400
0.9533,8.0589
0.9666,7.9597
0.9800,7.8115
0.9934,7.6693
1.0067,7.6391
1.0201,7.6273
1.0335,7.5952
1.0468,7.5181
1.0602,7.3999
1.0736,7.2565
1.0870,7.1002
1.1003,6.9381
1.1137,6.7739
1.1271,6.6098
1.1404,6.5364
1.1538,6.6372
1.1672,6.6999
1.1805,6.7016
1.1939,6.6520
1.2073,6.5758
1.2206,6.4894
1.2340,6.4011
1.2474,6.3149
1.2608,6.2329
1.2741,6.1562
1.2875,6.0854
1.3009,6.0205
1.3142,5.9615
1.3276,5.9082
1.3410,5.8604
1.3543,5.8890
1.3677,5.9047
1.3811,5.8815
1.3944,5.8337
1.4078,5.7750
1.4212,5.7130
1.4346,5.6516
1.4479,5.6107
1.4613,5.5912
1.4747,5.5737
1.4880,5.5582
1.5014,5.5447
1.5148,5.5332
1.5281,5.5237
1.5415,5.5163
1.5549,5.5109
1.5682,5.5077
1.5816,5.5067
0.0000,5.5067
0.0116,5.5075
0.0232,5.5099
0.0347,5.5139
0.0463,5.5194
0.0579,5.5266
0.0695,5.5352
0.0810,5.5454
0.0926,5.5571
0.1042,5.5702
0.1158,5.5848
0.1274,5.6008
0.1389,5.6185
0.1505,5.6579
0.1621,5.7048
0.1737,5.7482
0.1853,5.7839
0.1968,5.8063
0.2084,5.8097
0.2200,5.7928
0.2316,5.8175
0.2431,5.8520
0.2547,5.8894
0.2663,5.9299
0.2779,5.9737
0.2895,6.0211
0.3010,6.0721
0.3126,6.1268
0.3242,6.1851
0.3358,6.2467
0.3473,6.3115
0.3589,6.3790
0.3705,6.4486
0.3821,6.5195
0.3937,6.5910
0.4052,6.6619
0.4168,6.7313
0.4284,6.7979
0.4400,6.8608
0.4516,6.9192
0.4631,6.9725
0.4747,7.0205
0.4863,7.0634
0.4979,7.1012
0.5094,7.1333
0.5210,7.1571
0.5326,7.1669
0.5442,7.1547
0.5558,7.1193
0.5673,7.0777
0.5789,7.0585
0.5856,7.0588
0.5923,7.0596
0.5990,7.0609
0.6057,7.0627
0.6123,7.0650
0.6190,7.0677
0.6257,7.0707
0.6324,7.0740
0.6391,7.0776
0.6458,7.0812
0.6524,7.0848
0.6591,7.0884
0.6658,7.0918
0.6725,7.0949
0.6792,7.0977
0.6859,7.1002
0.6926,7.1024
0.6992,7.1044
0.7059,7.1066
0.7126,7.1091
0.7193,7.1126
0.7260,7.1176
0.7327,7.1248
0.7393,7.1348
0.7460,7.1482
0.7527,7.1654
0.7594,7.1866
0.7661,7.2215
0.7728,7.2582
0.7795,7.2958
0.7861,7.3344
0.7928,7.3739
0.7995,7.4143
0.8062,7.4555
0.8129,7.4976
0.8196,7.5406
0.8262,7.5844
0.8329,7.6292
0.8396,7.6749
0.8463,7.7216
0.8530,7.7693
0.8597,7.8189
0.8664,7.8749
0.8730,7.9321
0.8797,7.9904
0.8864,8.0497
0.8931,8.1094
0.8998,8.1683
0.9065,8.2222
0.9131,8.2502
0.9265,8.1838
0.9399,8.1405
0.9533,8.0589
0.9666,7.9597
0.9800,7.8115
0.9934,7.6701
1.0067,7.6396
1.0201,7.6276
1.0335,7.5953
1.0468,7.5183
1.0602,7.4002
1.0736,7.2570
1.0870,7.1009
1.1003,6.9389
1.1137,6.7748
1.1271,6.6108
1.1404,6.5365
1.1538,6.6373
1.1672,6.6999
1.1805,6.7016
1.1939,6.6520
1.2073,6.5758
1.2206,6.4894
1.2340,6.4011
1.2474,6.3149
1.2608,6.2329
1.2741,6.1563
1.2875,6.0854
1.3009,6.0205
1.3142,5.9616
1.3276,5.9083
1.3410,5.8610
1.3543,5.8936
1.3677,5.9088
1.3811,5.8846
1.3944,5.8360
1.4078,5.7766
1.4212,5.7142
1.4346,5.6524
1.4479,5.6108
1.4613,5.5912
1.4747,5.5737
1.4880,5.5582
1.5014,5.5447
1.5148,5.5332
1.5281,5.5237
1.5415,5.5163
1.5549,5.5109
1.5682,5.5077
1.5816,5.5067
0.0000,7.6233
0.0116,7.6223
0.0232,7.6186
0.0347,7.6100
0.0463,7.5931
0.0579,7.5629
0.0695,7.5158
0.0810,7.4510
0.0926,7.3712
0.1042,7.2802
0.1158,7.1816
0.1274,7.0787
0.1389,6.9745
0.1505,6.8716
0.1621,6.7733
0.1737,6.6833
0.1853,6.6068
0.1968,6.5501
0.2084,6.5200
0.2200,6.5199
0.2316,6.5477
0.2431,6.5976
0.2547,6.6634
0.2663,6.7406
0.2779,6.8259
0.2895,6.9172
0.3010,7.0128
0.3126,7.1115
0.3242,7.2123
0.3358,7.3142
0.3473,7.4162
0.3589,7.5171
0.3705,7.6156
0.3821,7.7099
0.3937,7.7976
0.4052,7.8759
0.4168,7.9408
0.4284,7.9878
0.4400,8.0128
0.4516,8.0140
0.4631,7.9939
0.4747,7.9592
0.4863,7.9158
0.4979,7.8605
0.5094,7.7721
0.5210,7.6338
0.5326,7.4686
0.5442,7.3134
0.5558,7.2225
0.5673,7.2111
0.5789,7.2160
0.5856,7.2165
0.5923,7.2181
0.5990,7.2208
0.6057,7.2246
0.6123,7.2295
0.6190,7.2354
0.6257,7.2424
0.6324,7.2505
0.6391,7.2597
0.6458,7.2699
0.6524,7.2812
0.6591,7.2936
0.6658,7.3070
0.6725,7.3215
0.6792,7.3371
0.6859,7.3537
0.6926,7.3714
0.6992,7.3902
0.7059,7.4100
0.7126,7.4309
0.7193,7.4528
0.7260,7.4758
0.7327,7.4999
0.7393,7.5250
0.7460,7.5511
0.7527,7.5783
0.7594,7.6066
0.7661,7.6359
0.7728,7.6663
0.7795,7.6977
0.7861,7.7302
0.7928,7.7637
0.7995,7.7983
0.8062,7.8338
0.8129,7.8704
0.8196,7.9080
0.8262,7.9465
0.8329,7.9859
0.8396,8.0263
0.8463,8.0674
0.8530,8.1094
0.8597,8.1520
0.8664,8.1951
0.8730,8.2381
0.8797,8.2802
0.8864,8.3190
0.8931,8.3481
0.8998,8.3533
0.9065,8.3325
0.9131,8.3196
0.9265,8.3284
0.9399,8.3710
0.9533,8.4745
0.9666,8.5842
0.9800,8.6215
0.9934,8.6194
1.0067,8.5119
1.0201,8.4134
1.0335,8.3603
1.0468,8.3678
1.0602,8.3342
1.0736,8.1894
1.0870,8.0408
1.1003,7.8938
1.1137,7.7528
1.1271,7.6225
1.1404,7.5109
1.1538,7.4325
1.1672,7.4115
1.1805,7.4661
1.1939,7.5832
1.2073,7.5563
1.2206,7.4188
1.2340,7.2851
1.2474,7.1556
1.2608,7.0305
1.2741,6.9105
1.2875,6.7958
1.3009,6.6877
1.3142,6.5880
1.3276,6.4999
1.3410,6.4304
1.3543,6.3923
1.3677,6.4014
1.3811,6.4587
1.3944,6.5483
1.4078,6.6561
1.4212,6.7738
1.4346,6.8963
1.4479,7.0201
1.4613,7.1419
1.4747,7.2582
1.4880,7.3649
1.5014,7.4567
1.5148,7.5281
1.5281,7.5761
1.5415,7.6033
1.5549,7.6165
1.5682,7.6219
1.5816,7.6233
0.0000,7.6233
0.0116,7.6223
0.0232,7.6186
0.0347,7.6100
0.0463,7.5931
0.0579,7.5629
0.0695,7.5158
0.0810,7.4510
0.0926,7.3712
0.1042,7.2802
0.1158,7.1816
0.1274,7.0787
0.1389,6.9745
0.1505,6.8716
0.1621,6.7733
0.1737,6.6833
0.1853,6.6068
0.1968,6.5501
0.2084,6.5200
0.2200,6.5199
0.2316,6.5477
0.2431,6.5976
0.2547,6.6634
0.2663,6.7406
0.2779,6.8259
0.2895,6.9172
0.3010,7.0128
0.3126,7.1115
0.3242,7.2123
0.3358,7.3142
0.3473,7.4162
0.3589,7.5171
0.3705,7.6156
0.3821,7.7099
0.3937,7.7976
0.4052,7.8759
0.4168,7.9408
0.4284,7.9878
0.4400,8.0128
0.4516,8.0140
0.4631,7.9939
0.4747,7.9592
0.4863,7.9158
0.4979,7.8605
0.5094,7.7721
0.5210,7.6338
0.5326,7.4686
0.5442,7.3134
0.5558,7.2225
0.5673,7.2111
0.5789,7.2160
0.5856,7.2165
0.5923,7.2181
0.5990,7.2208
0.6057,7.2246
0.6123,7.2295
0.6190,7.2354
0.6257,7.2424
0.6324,7.2505
0.6391,7.2597
0.6458,7.2699
0.6524,7.2812
0.6591,7.2936
0.6658,7.3071
0.6725,7.3216
0.6792,7.3371
0.6859,7.3538
0.6926,7.3715
0.6992,7.3902
0.7059,7.4100
0.7126,7.4309
0.7193,7.4528
0.7260,7.4758
0.7327,7.4999
0.7393,7.5250
0.7460,7.5511
0.7527,7.5784
0.7594,7.6066
0.7661,7.6360
0.7728,7.6664
0.7795,7.6978
0.7861,7.7303
0.7928,7.7638
0.7995,7.7984
0.8062,7.8339
0.8129,7.8705
0.8196,7.9080
0.8262,7.9465
0.8329,7.9859
0.8396,8.0263
0.8463,8.0675
0.8530,8.1095
0.8597,8.1521
0.8664,8.1952
0.8730,8.2384
0.8797,8.2805
0.8864,8.3194
0.8931,8.3485
0.8998,8.3535
0.9065,8.3326
0.9131,8.3197
0.9265,8.3286
0.9399,8.3713
0.9533,8.4745
0.9666,8.5844
0.9800,8.6215
0.9934,8.6204
1.0067,8.5132
1.0201,8.4150
1.0335,8.3620
1.0468,8.3693
1.0602,8.3342
1.0736,8.1894
1.0870,8.0408
1.1003,7.8939
1.1137,7.7528
1.1271,7.6226
1.1404,7.5110
1.1538,7.4326
1.1672,7.4116
1.1805,7.4661
1.1939,7.5833
1.2073,7.5571
1.2206,7.4195
1.2340,7.2857
1.2474,7.1560
1.2608,7.0308
1.2741,6.9105
1.2875,6.7960
1.3009,6.6882
1.3142,6.5888
1.3276,6.5011
1.3410,6.4319
1.3543,6.3939
1.3677,6.4025
1.3811,6.4590
1.3944,6.5487
1.4078,6.6570
1.4212,6.7750
1.4346,6.8978
1.4479,7.0217
1.4613,7.1436
1.4747,7.2600
1.4880,7.3666
1.5014,7.4582
1.5148,7.5293
1.5281,7.5769
1.5415,7.6037
1.5549,7.6166
1.5682,7.6219
1.5816,7.6233
0.0000,7.9090
0.0116,7.9096
0.0232,7.9113
0.0347,7.9142
0.0463,7.9182
0.0579,7.9234
0.0695,7.9298
0.0810,7.9375
0.0926,7.9466
0.1042,7.9568
0.1158,7.9681
0.1274,7.9808
0.1389,7.9946
0.1505,8.0098
0.1621,8.0261
0.1737,8.0437
0.1853,8.0624
0.1968,8.0821
0.2084,8.1025
0.2200,8.1236
0.2316,8.1448
0.2431,8.1658
0.2547,8.1859
0.2663,8.2046
0.2779,8.2210
0.2895,8.2344
0.3010,8.2441
0.3126,8.2496
0.3242,8.2507
0.3358,8.2478
0.3473,8.2416
0.3589,8.2333
0.3705,8.2244
0.3821,8.2165
0.3937,8.2113
0.4052,8.2104
0.4168,8.2149
0.4284,8.2255
0.4400,8.2419
0.4516,8.2620
0.4631,8.2799
0.4747,8.2829
0.4863,8.2490
0.4979,8.1645
0.5094,8.0451
0.5210,7.9187
0.5326,7.8076
0.5442,7.7292
0.5558,7.6906
0.5673,7.6807
0.5789,7.6805
0.5856,7.6811
0.5923,7.6829
0.5990,7.6859
0.6057,7.6901
0.6123,7.6954
0.6190,7.7019
0.6257,7.7095
0.6324,7.7182
0.6391,7.7279
0.6458,7.7385
0.6524,7.7501
0.6591,7.7625
0.6658,7.7755
0.6725,7.7889
0.6792,7.8026
0.6859,7.8162
0.6926,7.8294
0.6992,7.8419
0.7059,7.8535
0.7126,7.8640
0.7193,7.8738
0.7260,7.8835
0.7327,7.8937
0.7393,7.9051
0.7460,7.9183
0.7527,7.9337
0.7594,7.9513
0.7661,7.9714
0.7728,7.9938
0.7795,8.0186
0.7861,8.0455
0.7928,8.0745
0.7995,8.1053
0.8062,8.1380
0.8129,8.1722
0.8196,8.2078
0.8262,8.2447
0.8329,8.2825
0.8396,8.3209
0.8463,8.3595
0.8530,8.3978
0.8597,8.4347
0.8664,8.4688
0.8730,8.4975
0.8797,8.5164
0.8864,8.5188
0.8931,8.4981
0.8998,8.4550
0.9065,8.4028
0.9131,8.3732
0.9265,8.4593
0.9399,8.5828
0.9533,8.6358
0.9666,8.6112
0.9800,8.6600
0.9934,8.6503
1.0067,8.6671
1.0201,8.6462
1.0335,8.5768
1.0468,8.4675
1.0602,8.4229
1.0736,8.4982
1.0870,8.5613
1.1003,8.5733
1.1137,8.5144
1.1271,8.4054
1.1404,8.2728
1.1538,8.1307
1.1672,7.9855
1.1805,7.8404
1.1939,7.6970
1.2073,7.7351
1.2206,7.9004
1.2340,8.0628
1.2474,8.2034
1.2608,8.3005
1.2741,8.3431
1.2875,8.3429
1.3009,8.3190
1.3142,8.2844
1.3276,8.2463
1.3410,8.2079
1.3543,8.1711
1.3677,8.1369
1.3811,8.1054
1.3944,8.0769
1.4078,8.0512
1.4212,8.0283
1.4346,8.0078
1.4479,7.9897
1.4613,7.9737
1.4747,7.9596
1.4880,7.9473
1.5014,7.9368
1.5148,7.9282
1.5281,7.9213
1.5415,7.9159
1.5549,7.9121
1.5682,7.9098
1.5816,7.9090
0.0000,7.9090
0.0116,7.9096
0.0232,7.9113
0.0347,7.9142
0.0463,7.9182
0.0579,7.9234
0.0695,7.9298
0.0810,7.9376
0.0926,7.9466
0.1042,7.9568
0.1158,7.9681
0.1274,7.9808
0.1389,7.9946
0.1505,8.0098
0.1621,8.0261
0.1737,8.0437
0.1853,8.0624
0.1968,8.0821
0.2084,8.1025
0.2200,8.1236
0.2316,8.1448
0.2431,8.1658
0.2547,8.1859
0.2663,8.2046
0.2779,8.2210
0.2895,8.2344
0.3010,8.2441
0.3126,8.2496
0.3242,8.2507
0.3358,8.2478
0.3473,8.2416
0.3589,8.2333
0.3705,8.2244
0.3821,8.2165
0.3937,8.2113
0.4052,8.2104
0.4168,8.2149
0.4284,8.2255
0.4400,8.2419
0.4516,8.2620
0.4631,8.2799
0.4747,8.2829
0.4863,8.2490
0.4979,8.1645
0.5094,8.0451
0.5210,7.9187
0.5326,7.8076
0.5442,7.7292
0.5558,7.6906
0.5673,7.6807
0.5789,7.6805
0.5856,7.6811
0.5923,7.6829
0.5990,7.6859
0.6057,7.6901
0.6123,7.6954
0.6190,7.7019
0.6257,7.7095
0.6324,7.7182
0.6391,7.7279
0.6458,7.7385
0.6524,7.7501
0.6591,7.7625
0.6658,7.7755
0.6725,7.7889
0.6792,7.8026
0.6859,7.8162
0.6926,7.8294
0.6992,7.8419
0.7059,7.8535
0.7126,7.8640
0.7193,7.8738
0.7260,7.8835
0.7327,7.8937
0.7393,7.9051
0.7460,7.9183
0.7527,7.9337
0.7594,7.9513
0.7661,7.9714
0.7728,7.9938
0.7795,8.0186
0.7861,8.0455
0.7928,8.0745
0.7995,8.1053
0.8062,8.1380
0.8129,8.1722
0.8196,8.2079
0.8262,8.2447
0.8329,8.2825
0.8396,8.3209
0.8463,8.3595
0.8530,8.3978
0.8597,8.4347
0.8664,8.4688
0.8730,8.4975
0.8797,8.5164
0.8864,8.5188
0.8931,8.4981
0.8998,8.4550
0.9065,8.4028
0.9131,8.3732
0.9265,8.4593
0.9399,8.5828
0.9533,8.6358
0.9666,8.6112
0.9800,8.6606
0.9934,8.6503
1.0067,8.6671
1.0201,8.6462
1.0335,8.5768
1.0468,8.4675
1.0602,8.4241
1.0736,8.4989
1.0870,8.5614
1.1003,8.5734
1.1137,8.5145
1.1271,8.4058
1.1404,8.2734
1.1538,8.1315
1.1672,7.9864
1.1805,7.8413
1.1939,7.6979
1.2073,7.7352
1.2206,7.9005
1.2340,8.0628
1.2474,8.2035
1.2608,8.3006
1.2741,8.3431
1.2875,8.3429
1.3009,8.3190
1.3142,8.2845
1.3276,8.2463
1.3410,8.2079
1.3543,8.1712
1.3677,8.1369
1.3811,8.1054
1.3944,8.0769
1.4078,8.0513
1.4212,8.0283
1.4346,8.0079
1.4479,7.9898
1.4613,7.9738
1.4747,7.9598
1.4880,7.9476
1.5014,7.9371
1.5148,7.9283
1.5281,7.9213
1.5415,7.9159
1.5549,7.9121
1.5682,7.9098
1.5816,7.9090
0.0000,8.0593
0.0116,8.0574
0.0232,8.0463
0.0347,8.0246
0.0463,7.9994
0.0579,7.9782
0.0695,7.9670
0.0810,7.9686
0.0926,7.9827
0.1042,8.0074
0.1158,8.0410
0.1274,8.0821
0.1389,8.1296
0.1505,8.1828
0.1621,8.2413
0.1737,8.3047
0.1853,8.3726
0.1968,8.4449
0.2084,8.5211
0.2200,8.6012
0.2316,8.6846
0.2431,8.7711
0.2547,8.8604
0.2663,8.9518
0.2779,9.0449
0.2895,9.1389
0.3010,9.2328
0.3126,9.3251
0.3242,9.4138
0.3358,9.4958
0.3473,9.5662
0.3589,9.6171
0.3705,9.6367
0.3821,9.6131
0.3937,9.5434
0.4052,9.4397
0.4168,9.3204
0.4284,9.1991
0.4400,9.0801
0.4516,8.9532
0.4631,8.7991
0.4747,8.6174
0.4863,8.4268
0.4979,8.2493
0.5094,8.1135
0.5210,8.0360
0.5326,7.9916
0.5442,7.9532
0.5558,7.9129
0.5673,7.8787
0.5789,7.8647
0.5856,7.8654
0.5923,7.8674
0.5990,7.8707
0.6057,7.8754
0.6123,7.8814
0.6190,7.8887
0.6257,7.8973
0.6324,7.9072
0.6391,7.9184
0.6458,7.9308
0.6524,7.9445
0.6591,7.9594
0.6658,7.9756
0.6725,7.9929
0.6792,8.0113
0.6859,8.0309
0.6926,8.0515
0.6992,8.0731
0.7059,8.0957
0.7126,8.1116
0.7193,8.1172
0.7260,8.1285
0.7327,8.1448
0.7393,8.1654
0.7460,8.1897
0.7527,8.2172
0.7594,8.2474
0.7661,8.2799
0.7728,8.3146
0.7795,8.3513
0.7861,8.3898
0.7928,8.4172
0.7995,8.4367
0.8062,8.4542
0.8129,8.4695
0.8196,8.4826
0.8262,8.4937
0.8329,8.5032
0.8396,8.5113
0.8463,8.5186
0.8530,8.5252
0.8597,8.5310
0.8664,8.5354
0.8730,8.5371
0.8797,8.5341
0.8864,8.5246
0.8931,8.5106
0.8998,8.5042
0.9065,8.5140
0.9131,8.5215
0.9265,8.5268
0.9399,8.6120
0.9533,8.7319
0.9666,8.8431
0.9800,8.8828
0.9934,8.9448
1.0067,9.0651
1.0201,9.2011
1.0335,9.3364
1.0468,9.4397
1.0602,9.4323
1.0736,9.3392
1.0870,9.2507
1.1003,9.2187
1.1137,9.2640
1.1271,9.3637
1.1404,9.4890
1.1538,9.5024
1.1672,9.4146
1.1805,9.3251
1.1939,9.2382
1.2073,9.1581
1.2206,9.0905
1.2340,9.0440
1.2474,9.0335
1.2608,9.0786
1.2741,9.1887
1.2875,9.0738
1.3009,8.9624
1.3142,8.8561
1.3276,8.7549
1.3410,8.6586
1.3543,8.5674
1.3677,8.4815
1.3811,8.4008
1.3944,8.3255
1.4078,8.2557
1.4212,8.1915
1.4346,8.1332
1.4479,8.0814
1.4613,8.0367
1.4747,8.0005
1.4880,7.9746
1.5014,7.9618
1.5148,7.9647
1.5281,7.9834
1.5415,8.0120
1.5549,8.0400
1.5682,8.0564
1.5816,8.0593
0.0000,8.0593
0.0116,8.0574
0.0232,8.0463
0.0347,8.0247
0.0463,7.9994
0.0579,7.9782
0.0695,7.9670
0.0810,7.9686
0.0926,7.9827
0.1042,8.0074
0.1158,8.0410
0.1274,8.0821
0.1389,8.1296
0.1505,8.1828
0.1621,8.2413
0.1737,8.3047
0.1853,8.3726
0.1968,8.4449
0.2084,8.5211
0.2200,8.6012
0.2316,8.6846
0.2431,8.7711
0.2547,8.8604
0.2663,8.9518
0.2779,9.0449
0.2895,9.1389
0.3010,9.2328
0.3126,9.3251
0.3242,9.4138
0.3358,9.4958
0.3473,9.5662
0.3589,9.6171
0.3705,9.6367
0.3821,9.6131
0.3937,9.5434
0.4052,9.4397
0.4168,9.3204
0.4284,9.1991
0.4400,9.0801
0.4516,8.9532
0.4631,8.7991
0.4747,8.6174
0.4863,8.4268
0.4979,8.2493
0.5094,8.1135
0.5210,8.0360
0.5326,7.9916
0.5442,7.9532
0.5558,7.9129
0.5673,7.8787
0.5789,7.8647
0.5856,7.8654
0.5923,7.8674
0.5990,7.8707
0.6057,7.8754
0.6123,7.8814
0.6190,7.8887
0.6257,7.8973
0.6324,7.9072
0.6391,7.9184
0.6458,7.9308
0.6524,7.9445
0.6591,7.9595
0.6658,7.9756
0.6725,7.9929
0.6792,8.0114
0.6859,8.0309
0.6926,8.0515
0.6992,8.0731
0.7059,8.0957
0.7126,8.1116
0.7193,8.1172
0.7260,8.1285
0.7327,8.1448
0.7393,8.1654
0.7460,8.1898
0.7527,8.2172
0.7594,8.2474
0.7661,8.2800
0.7728,8.3147
0.7795,8.3513
0.7861,8.3898
0.7928,8.4173
0.7995,8.4370
0.8062,8.4546
0.8129,8.4700
0.8196,8.4832
0.8262,8.4945
0.8329,8.5040
0.8396,8.5122
0.8463,8.5195
0.8530,8.5261
0.8597,8.5318
0.8664,8.5360
0.8730,8.5374
0.8797,8.5342
0.8864,8.5249
0.8931,8.5111
0.8998,8.5045
0.9065,8.5141
0.9131,8.5218
0.9265,8.5270
0.9399,8.6121
0.9533,8.7320
0.9666,8.8431
0.9800,8.8831
0.9934,8.9452
1.0067,9.0653
1.0201,9.2012
1.0335,9.3366
1.0468,9.4406
1.0602,9.4345
1.0736,9.3422
1.0870,9.2542
1.1003,9.2224
1.1137,9.2675
1.1271,9.3668
1.1404,9.4917
1.1538,9.5024
1.1672,9.4146
1.1805,9.3251
1.1939,9.2382
1.2073,9.1581
1.2206,9.0905
1.2340,9.0441
1.2474,9.0336
1.2608,9.0787
1.2741,9.1889
1.2875,9.0745
1.3009,8.9629
1.3142,8.8563
1.3276,8.7549
1.3410,8.6589
1.3543,8.5681
1.3677,8.4824
1.3811,8.4021
1.3944,8.3271
1.4078,8.2576
1.4212,8.1937
1.4346,8.1357
1.4479,8.0841
1.4613,8.0396
1.4747,8.0034
1.4880,7.9775
1.5014,7.9646
1.5148,7.9672
1.5281,7.9853
1.5415,8.0133
1.5549,8.0407
1.5682,8.0566
1.5816,8.0593
0.0000,8.0864
0.0116,8.0859
0.0232,8.0911
0.0347,8.1062
0.0463,8.1295
0.0579,8.1601
0.0695,8.1977
0.0810,8.2421
0.0926,8.2931
0.1042,8.3505
0.1158,8.4143
0.1274,8.4843
0.1389,8.5603
0.1505,8.6421
0.1621,8.7295
0.1737,8.8224
0.1853,8.9204
0.1968,9.0234
0.2084,9.1311
0.2200,9.2432
0.2316,9.3594
0.2431,9.4794
0.2547,9.6028
0.2663,9.7294
0.2779,9.8587
0.2895,9.9447
0.3010,9.8896
0.3126,9.8490
0.3242,9.8237
0.3358,9.8138
0.3473,9.8183
0.3589,9.8357
0.3705,9.8629
0.3821,9.8946
0.3937,9.9192
0.4052,9.9086
0.4168,9.8181
0.4284,9.6531
0.4400,9.4593
0.4516,9.2629
0.4631,9.0784
0.4747,8.9212
0.4863,8.8119
0.4979,8.7592
0.5094,8.7364
0.5210,8.7019
0.5326,8.6350
0.5442,8.5472
0.5558,8.4616
0.5673,8.3990
0.5789,8.3759
0.5856,8.3749
0.5923,8.3721
0.5990,8.3673
0.6057,8.3605
0.6123,8.3516
0.6190,8.3406
0.6257,8.3275
0.6324,8.3121
0.6391,8.2946
0.6458,8.2751
0.6524,8.2541
0.6591,8.2318
0.6658,8.2090
0.6725,8.1864
0.6792,8.1649
0.6859,8.1457
0.6926,8.1298
0.6992,8.1182
0.7059,8.1120
0.7126,8.1191
0.7193,8.1432
0.7260,8.1681
0.7327,8.1935
0.7393,8.2194
0.7460,8.2455
0.7527,8.2717
0.7594,8.2978
0.7661,8.3235
0.7728,8.3486
0.7795,8.3728
0.7861,8.3958
0.7928,8.4299
0.7995,8.4718
0.8062,8.5151
0.8129,8.5600
0.8196,8.6063
0.8262,8.6539
0.8329,8.7029
0.8396,8.7531
0.8463,8.8043
0.8530,8.8562
0.8597,8.9082
0.8664,8.9583
0.8730,8.9981
0.8797,8.9926
0.8864,8.9012
0.8931,8.8160
0.8998,8.7449
0.9065,8.6942
0.9131,8.6745
0.9265,8.7325
0.9399,8.7900
0.9533,8.7850
0.9666,8.9145
0.9800,9.0661
0.9934,9.2228
1.0067,9.3689
1.0201,9.4349
1.0335,9.4656
1.0468,9.5184
1.0602,9.5842
1.0736,9.6474
1.0870,9.6934
1.1003,9.7110
1.1137,9.6955
1.1271,9.6503
1.1404,9.5832
1.1538,9.6227
1.1672,9.7543
1.1805,9.8756
1.1939,9.9629
1.2073,9.8447
1.2206,9.7051
1.2340,9.5693
1.2474,9.4381
1.2608,9.3117
1.2741,9.1904
1.2875,9.3510
1.3009,9.5443
1.3142,9.7257
1.3276,9.6041
1.3410,9.4779
1.3543,9.3498
1.3677,9.2219
1.3811,9.0961
1.3944,8.9738
1.4078,8.8562
1.4212,8.7445
1.4346,8.6397
1.4479,8.5425
1.4613,8.4536
1.4747,8.3736
1.4880,8.3028
1.5014,8.2414
1.5148,8.1897
1.5281,8.1478
1.5415,8.1158
1.5549,8.0945
1.5682,8.0860
1.5816,8.0864
0.0000,8.0864
0.0116,8.0859
0.0232,8.0911
0.0347,8.1062
0.0463,8.1295
0.0579,8.1601
0.0695,8.1977
0.0810,8.2421
0.0926,8.2931
0.1042,8.3505
0.1158,8.4143
0.1274,8.4843
0.1389,8.5603
0.1505,8.6421
0.1621,8.7295
0.1737,8.8224
0.1853,8.9204
0.1968,9.0234
0.2084,9.1311
0.2200,9.2432
0.2316,9.3594
0.2431,9.4794
0.2547,9.6028
0.2663,9.7294
0.2779,9.8587
0.2895,9.9447
0.3010,9.8896
0.3126,9.8490
0.3242,9.8237
0.3358,9.8138
0.3473,9.8183
0.3589,9.8357
0.3705,9.8629
0.3821,9.8946
0.3937,9.9192
0.4052,9.9086
0.4168,9.8181
0.4284,9.6531
0.4400,9.4593
0.4516,9.2629
0.4631,9.0784
0.4747,8.9212
0.4863,8.8119
0.4979,8.7592
0.5094,8.7364
0.5210,8.7019
0.5326,8.6350
0.5442,8.5473
0.5558,8.4616
0.5673,8.3990
0.5789,8.3759
0.5856,8.3749
0.5923,8.3721
0.5990,8.3673
0.6057,8.3605
0.6123,8.3517
0.6190,8.3407
0.6257,8.3275
0.6324,8.3121
0.6391,8.2946
0.6458,8.2752
0.6524,8.2541
0.6591,8.2318
0.6658,8.2090
0.6725,8.1864
0.6792,8.1649
0.6859,8.1457
0.6926,8.1298
0.6992,8.1183
0.7059,8.1120
0.7126,8.1191
0.7193,8.1432
0.7260,8.1681
0.7327,8.1935
0.7393,8.2194
0.7460,8.2455
0.7527,8.2717
0.7594,8.2978
0.7661,8.3235
0.7728,8.3487
0.7795,8.3729
0.7861,8.3959
0.7928,8.4300
0.7995,8.4718
0.8062,8.5151
0.8129,8.5600
0.8196,8.6063
0.8262,8.6539
0.8329,8.7029
0.8396,8.7531
0.8463,8.8043
0.8530,8.8562
0.8597,8.9082
0.8664,8.9583
0.8730,8.9981
0.8797,8.9930
0.8864,8.9015
0.8931,8.8162
0.8998,8.7449
0.9065,8.6945
0.9131,8.6751
0.9265,8.7327
0.9399,8.7900
0.9533,8.7850
0.9666,8.9145
0.9800,9.0661
0.9934,9.2228
1.0067,9.3689
1.0201,9.4349
1.0335,9.4656
1.0468,9.5184
1.0602,9.5842
1.0736,9.6474
1.0870,9.6934
1.1003,9.7110
1.1137,9.6955
1.1271,9.6503
1.1404,9.5833
1.1538,9.6251
1.1672,9.7564
1.1805,9.8773
1.1939,9.9633
1.2073,9.8463
1.2206,9.7069
1.2340,9.5709
1.2474,9.4395
1.2608,9.3129
1.2741,9.1913
1.2875,9.3511
1.3009,9.5444
1.3142,9.7257
1.3276,9.6044
1.3410,9.4782
1.3543,9.3501
1.3677,9.2222
1.3811,9.0962
1.3944,8.9738
1.4078,8.8564
1.4212,8.7449
1.4346,8.6403
1.4479,8.5433
1.4613,8.4547
1.4747,8.3748
1.4880,8.3041
1.5014,8.2427
1.5148,8.1910
1.5281,8.1489
1.5415,8.1167
1.5549,8.0951
1.5682,8.0862
1.5816,8.0864
0.0000,10.4905
0.0116,10.4953
0.0232,10.5095
0.0347,10.5324
0.0463,10.5631
0.0579,10.6006
0.0695,10.6438
0.0810,10.6919
0.0926,10.7441
0.1042,10.7999
0.1158,10.8590
0.1274,10.9090
0.1389,10.8905
0.1505,10.8642
0.1621,10.8281
0.1737,10.7803
0.1853,10.7196
0.1968,10.6463
0.2084,10.5619
0.2200,10.4695
0.2316,10.3727
0.2431,10.2753
0.2547,10.1808
0.2663,10.0924
0.2779,10.0130
0.2895,9.9904
0.3010,10.1238
0.3126,10.2587
0.3242,10.3945
0.3358,10.5306
0.3473,10.6666
0.3589,10.7492
0.3705,10.5912
0.3821,10.4613
0.3937,10.3296
0.4052,10.1503
0.4168,9.9356
0.4284,9.7144
0.4400,9.5053
0.4516,9.3281
0.4631,9.2028
0.4747,9.1239
0.4863,9.0649
0.4979,9.0053
0.5094,8.9375
0.5210,8.8658
0.5326,8.8004
0.5442,8.7509
0.5558,8.7205
0.5673,8.7059
0.5789,8.7019
0.5856,8.7024
0.5923,8.7038
0.5990,8.7061
0.6057,8.7094
0.6123,8.7136
0.6190,8.7187
0.6257,8.7248
0.6324,8.7318
0.6391,8.7397
0.6458,8.7486
0.6524,8.7584
0.6591,8.7692
0.6658,8.7808
0.6725,8.7934
0.6792,8.8070
0.6859,8.8214
0.6926,8.8368
0.6992,8.8531
0.7059,8.8704
0.7126,8.8885
0.7193,8.9075
0.7260,8.9274
0.7327,8.9481
0.7393,8.9697
0.7460,8.9920
0.7527,9.0151
0.7594,9.0388
0.7661,9.0629
0.7728,9.0875
0.7795,9.1121
0.7861,9.1366
0.7928,9.1604
0.7995,9.1830
0.8062,9.2037
0.8129,9.2215
0.8196,9.2357
0.8262,9.2457
0.8329,9.2510
0.8396,9.2514
0.8463,9.2455
0.8530,9.2308
0.8597,9.2020
0.8664,9.1526
0.8730,9.0803
0.8797,8.9953
0.8864,8.9505
0.8931,8.9138
0.8998,8.8983
0.9065,8.8978
0.9131,8.9002
0.9265,8.8720
0.9399,8.8375
0.9533,8.9484
0.9666,9.0289
0.9800,9.1040
0.9934,9.2411
1.0067,9.3993
1.0201,9.5644
1.0335,9.7172
1.0468,9.7600
1.0602,9.8061
1.0736,9.9396
1.0870,10.1038
1.1003,10.2790
1.1137,10.4543
1.1271,10.5942
1.1404,10.5744
1.1538,10.4433
1.1672,10.2938
1.1805,10.1437
1.1939,10.0132
1.2073,10.0699
1.2206,10.1233
1.2340,10.1455
1.2474,10.1355
1.2608,10.0953
1.2741,10.0293
1.2875,9.9425
1.3009,9.8400
1.3142,9.7539
1.3276,9.9685
1.3410,10.1801
1.3543,10.3784
1.3677,10.5501
1.3811,10.6832
1.3944,10.7751
1.4078,10.8344
1.4212,10.8724
1.4346,10.8972
1.4479,10.9137
1.4613,10.8834
1.4747,10.8139
1.4880,10.7487
1.5014,10.6883
1.5148,10.6336
1.5281,10.5856
1.5415,10.5458
1.5549,10.5157
1.5682,10.4969
1.5816,10.4905
0.0000,10.4905
0.0116,10.4953
0.0232,10.5095
0.0347,10.5324
0.0463,10.5631
0.0579,10.6006
0.0695,10.6438
0.0810,10.6919
0.0926,10.7441
0.1042,10.7999
0.1158,10.8590
0.1274,10.9090
0.1389,10.8905
0.1505,10.8642
0.1621,10.8281
0.1737,10.7803
0.1853,10.7196
0.1968,10.6463
0.2084,10.5619
0.2200,10.4695
0.2316,10.3727
0.2431,10.2753
0.2547,10.1808
0.2663,10.0924
0.2779,10.0130
0.2895,9.9904
0.3010,10.1238
0.3126,10.2587
0.3242,10.3945
0.3358,10.5306
0.3473,10.6666
0.3589,10.7492
0.3705,10.5912
0.3821,10.4613
0.3937,10.3296
0.4052,10.1503
0.4168,9.9356
0.4284,9.7144
0.4400,9.5053
0.4516,9.3281
0.4631,9.2028
0.4747,9.1239
0.4863,9.0649
0.4979,9.0053
0.5094,8.9375
0.5210,8.8658
0.5326,8.8004
0.5442,8.7509
0.5558,8.7205
0.5673,8.7059
0.5789,8.7019
0.5856,8.7024
0.5923,8.7038
0.5990,8.7061
0.6057,8.7094
0.6123,8.7136
0.6190,8.7188
0.6257,8.7248
0.6324,8.7318
0.6391,8.7398
0.6458,8.7487
0.6524,8.7585
0.6591,8.7693
0.6658,8.7809
0.6725,8.7936
0.6792,8.8071
0.6859,8.8216
0.6926,8.8370
0.6992,8.8533
0.7059,8.8705
0.7126,8.8887
0.7193,8.9077
0.7260,8.9276
0.7327,8.9484
0.7393,8.9700
0.7460,8.9923
0.7527,9.0153
0.7594,9.0390
0.7661,9.0632
0.7728,9.0877
0.7795,9.1123
0.7861,9.1367
0.7928,9.1605
0.7995,9.1831
0.8062,9.2038
0.8129,9.2219
0.8196,9.2363
0.8262,9.2464
0.8329,9.2518
0.8396,9.2520
0.8463,9.2460
0.8530,9.2311
0.8597,9.2021
0.8664,9.1526
0.8730,9.0805
0.8797,8.9953
0.8864,8.9505
0.8931,8.9138
0.8998,8.8983
0.9065,8.8978
0.9131,8.9002
0.9265,8.8720
0.9399,8.8375
0.9533,8.9486
0.9666,9.0293
0.9800,9.1044
0.9934,9.2414
1.0067,9.3995
1.0201,9.5645
1.0335,9.7173
1.0468,9.7602
1.0602,9.8063
1.0736,9.9399
1.0870,10.1041
1.1003,10.2791
1.1137,10.4545
1.1271,10.5956
1.1404,10.5777
1.1538,10.4467
1.1672,10.2971
1.1805,10.1470
1.1939,10.0183
1.2073,10.0724
1.2206,10.1253
1.2340,10.1472
1.2474,10.1368
1.2608,10.0963
1.2741,10.0299
1.2875,9.9429
1.3009,9.8400
1.3142,9.7539
1.3276,9.9686
1.3410,10.1802
1.3543,10.3785
1.3677,10.5502
1.3811,10.6832
1.3944,10.7751
1.4078,10.8344
1.4212,10.8724
1.4346,10.8972
1.4479,10.9137
1.4613,10.8834
1.4747,10.8140
1.4880,10.7488
1.5014,10.6884
1.5148,10.6336
1.5281,10.5856
1.5415,10.5458
1.5549,10.5157
1.5682,10.4969
1.5816,10.4905
0.0000,10.9427
0.0116,10.9428
0.0232,10.9428
0.0347,10.9428
0.0463,10.9426
0.0579,10.9422
0.0695,10.9411
0.0810,10.9392
0.0926,10.9358
0.1042,10.9303
0.1158,10.9219
0.1274,10.9211
0.1389,10.9859
0.1505,11.0534
0.1621,11.1237
0.1737,11.1965
0.1853,11.2718
0.1968,11.3495
0.2084,11.4292
0.2200,11.5106
0.2316,11.5929
0.2431,11.6746
0.2547,11.7531
0.2663,11.8225
0.2779,11.8682
0.2895,11.8391
0.3010,11.7464
0.3126,11.5633
0.3242,11.3527
0.3358,11.1391
0.3473,10.9348
0.3589,10.8018
0.3705,10.9355
0.3821,10.8030
0.3937,10.5831
0.4052,10.4099
0.4168,10.3229
0.4284,10.3043
0.4400,10.2785
0.4516,10.1840
0.4631,10.0307
0.4747,9.8574
0.4863,9.6868
0.4979,9.5342
0.5094,9.4173
0.5210,9.3574
0.5326,9.3629
0.5442,9.4171
0.5558,9.4937
0.5673,9.5648
0.5789,9.5956
0.5856,9.5957
0.5923,9.5961
0.5990,9.5965
0.6057,9.5967
0.6123,9.5962
0.6190,9.5944
0.6257,9.5903
0.6324,9.5826
0.6391,9.5705
0.6458,9.5537
0.6524,9.5330
0.6591,9.5106
0.6658,9.4882
0.6725,9.4677
0.6792,9.4500
0.6859,9.4358
0.6926,9.4252
0.6992,9.4182
0.7059,9.4149
0.7126,9.4150
0.7193,9.4182
0.7260,9.4244
0.7327,9.4331
0.7393,9.4443
0.7460,9.4575
0.7527,9.4726
0.7594,9.4893
0.7661,9.5073
0.7728,9.5262
0.7795,9.5456
0.7861,9.5652
0.7928,9.5842
0.7995,9.6019
0.8062,9.5783
0.8129,9.5559
0.8196,9.5418
0.8262,9.5361
0.8329,9.5376
0.8396,9.5433
0.8463,9.4975
0.8530,9.4181
0.8597,9.3290
0.8664,9.2387
0.8730,9.1615
0.8797,9.1365
0.8864,9.1710
0.8931,9.2227
0.8998,9.2494
0.9065,9.2370
0.9131,9.2331
0.9265,9.2424
0.9399,9.2460
0.9533,9.2150
0.9666,9.2018
0.9800,9.2946
0.9934,9.4320
1.0067,9.5212
1.0201,9.6089
1.0335,9.7739
1.0468,9.9548
1.0602,10.1428
1.0736,10.3349
1.0870,10.5263
1.1003,10.6842
1.1137,10.7744
1.1271,10.8536
1.1404,10.9365
1.1538,11.0179
1.1672,11.0907
1.1805,11.1499
1.1939,11.1930
1.2073,11.2204
1.2206,11.2343
1.2340,11.2379
1.2474,11.2344
1.2608,11.2269
1.2741,11.2182
1.2875,11.2106
1.3009,11.2065
1.3142,11.2084
1.3276,11.2195
1.3410,11.2446
1.3543,11.2915
1.3677,11.3710
1.3811,11.3800
1.3944,11.2883
1.4078,11.2000
1.4212,11.1152
1.4346,11.0342
1.4479,10.9569
1.4613,10.9249
1.4747,10.9323
1.4880,10.9371
1.5014,10.9400
1.5148,10.9417
1.5281,10.9425
1.5415,10.9428
1.5549,10.9428
1.5682,10.9428
1.5816,10.9427
0.0000,10.9427
0.0116,10.9428
0.0232,10.9428
0.0347,10.9428
0.0463,10.9426
0.0579,10.9422
0.0695,10.9411
0.0810,10.9392
0.0926,10.9358
0.1042,10.9303
0.1158,10.9219
0.1274,10.9211
0.1389,10.9859
0.1505,11.0534
0.1621,11.1237
0.1737,11.1965
0.1853,11.2718
0.1968,11.3495
0.2084,11.4292
0.2200,11.5106
0.2316,11.5929
0.2431,11.6746
0.2547,11.7531
0.2663,11.8225
0.2779,11.8682
0.2895,11.8391
0.3010,11.7464
0.3126,11.5633
0.3242,11.3527
0.3358,11.1391
0.3473,10.9348
0.3589,10.8018
0.3705,10.9355
0.3821,10.8030
0.3937,10.5831
0.4052,10.4099
0.4168,10.3229
0.4284,10.3043
0.4400,10.2785
0.4516,10.1840
0.4631,10.0307
0.4747,9.8574
0.4863,9.6868
0.4979,9.5342
0.5094,9.4173
0.5210,9.3574
0.5326,9.3629
0.5442,9.4171
0.5558,9.4937
0.5673,9.5648
0.5789,9.5956
0.5856,9.5957
0.5923,9.5961
0.5990,9.5965
0.6057,9.5967
0.6123,9.5962
0.6190,9.5944
0.6257,9.5903
0.6324,9.5827
0.6391,9.5705
0.6458,9.5537
0.6524,9.5330
0.6591,9.5106
0.6658,9.4883
0.6725,9.4677
0.6792,9.4501
0.6859,9.4358
0.6926,9.4252
0.6992,9.4183
0.7059,9.4149
0.7126,9.4150
0.7193,9.4182
0.7260,9.4244
0.7327,9.4331
0.7393,9.4443
0.7460,9.4575
0.7527,9.4726
0.7594,9.4893
0.7661,9.5073
0.7728,9.5262
0.7795,9.5456
0.7861,9.5652
0.7928,9.5842
0.7995,9.6019
0.8062,9.5804
0.8129,9.5576
0.8196,9.5429
0.8262,9.5366
0.8329,9.5376
0.8396,9.5436
0.8463,9.4975
0.8530,9.4181
0.8597,9.3290
0.8664,9.2387
0.8730,9.1615
0.8797,9.1365
0.8864,9.1711
0.8931,9.2227
0.8998,9.2501
0.9065,9.2379
0.9131,9.2341
0.9265,9.2431
0.9399,9.2461
0.9533,9.2155
0.9666,9.2022
0.9800,9.2948
0.9934,9.4321
1.0067,9.5213
1.0201,9.6089
1.0335,9.7740
1.0468,9.9548
1.0602,10.1429
1.0736,10.3353
1.0870,10.5264
1.1003,10.6842
1.1137,10.7744
1.1271,10.8537
1.1404,10.9366
1.1538,11.0179
1.1672,11.0908
1.1805,11.1499
1.1939,11.1930
1.2073,11.2204
1.2206,11.2343
1.2340,11.2379
1.2474,11.2344
1.2608,11.2269
1.2741,11.2182
1.2875,11.2106
1.3009,11.2065
1.3142,11.2084
1.3276,11.2195
1.3410,11.2447
1.3543,11.2915
1.3677,11.3711
1.3811,11.3800
1.3944,11.2883
1.4078,11.2000
1.4212,11.1153
1.4346,11.0342
1.4479,10.9569
1.4613,10.9249
1.4747,10.9323
1.4880,10.9371
1.5014,10.9400
1.5148,10.9417
1.5281,10.9425
1.5415,10.9428
1.5549,10.9428
1.5682,10.9428
1.5816,10.9427
0.0000,13.0821
0.0116,13.0903
0.0232,13.1149
0.0347,13.1553
0.0463,13.2107
0.0579,13.2800
0.0695,13.3619
0.0810,13.3830
0.0926,13.2223
0.1042,13.0590
0.1158,12.8962
0.1274,12.7371
0.1389,12.5850
0.1505,12.4438
0.1621,12.3172
0.1737,12.2085
0.1853,12.1204
0.1968,12.0540
0.2084,12.0090
0.2200,11.9836
0.2316,11.9755
0.2431,11.9818
0.2547,12.0002
0.2663,12.0264
0.2779,11.9312
0.2895,11.8557
0.3010,11.7501
0.3126,11.6642
0.3242,11.5817
0.3358,11.5025
0.3473,11.4266
0.3589,11.2952
0.3705,11.0439
0.3821,10.8588
0.3937,10.6812
0.4052,10.5897
0.4168,10.5478
0.4284,10.5025
0.4400,10.4246
0.4516,10.3129
0.4631,10.1844
0.4747,10.0581
0.4863,9.9486
0.4979,9.8650
0.5094,9.8095
0.5210,9.7767
0.5326,9.7582
0.5442,9.7470
0.5558,9.7390
0.5673,9.7337
0.5789,9.7318
0.5856,9.7323
0.5923,9.7340
0.5990,9.7369
0.6057,9.7408
0.6123,9.7459
0.6190,9.7520
0.6257,9.7592
0.6324,9.7674
0.6391,9.7765
0.6458,9.7865
0.6524,9.7972
0.6591,9.8087
0.6658,9.8208
0.6725,9.8303
0.6792,9.8425
0.6859,9.8577
0.6926,9.8710
0.6992,9.8826
0.7059,9.8930
0.7126,9.9015
0.7193,9.9074
0.7260,9.9098
0.7327,9.9076
0.7393,9.8998
0.7460,9.8856
0.7527,9.8643
0.7594,9.8363
0.7661,9.8024
0.7728,9.7641
0.7795,9.7234
0.7861,9.6824
0.7928,9.6432
0.7995,9.6079
0.8062,9.6171
0.8129,9.6279
0.8196,9.6317
0.8262,9.6248
0.8329,9.6024
0.8396,9.5602
0.8463,9.5486
0.8530,9.5409
0.8597,9.4990
0.8664,9.4355
0.8730,9.3790
0.8797,9.3347
0.8864,9.2991
0.8931,9.2705
0.8998,9.2774
0.9065,9.3271
0.9131,9.3510
0.9265,9.3162
0.9399,9.3357
0.9533,9.4015
0.9666,9.4745
0.9800,9.5248
0.9934,9.5308
1.0067,9.5821
1.0201,9.7336
1.0335,9.8542
1.0468,9.9676
1.0602,10.1440
1.0736,10.3357
1.0870,10.5341
1.1003,10.7382
1.1137,10.9463
1.1271,10.9050
1.1404,10.9647
1.1538,11.1433
1.1672,11.3505
1.1805,11.5692
1.1939,11.7953
1.2073,12.0244
1.2206,12.1899
1.2340,12.2195
1.2474,12.2162
1.2608,12.1855
1.2741,12.1296
1.2875,12.0542
1.3009,11.9661
1.3142,11.8707
1.3276,11.7717
1.3410,11.6716
1.3543,11.5723
1.3677,11.4749
1.3811,11.4935
1.3944,11.6597
1.4078,11.8590
1.4212,12.0781
1.4346,12.3067
1.4479,12.5375
1.4613,12.7653
1.4747,12.9858
1.4880,13.1957
1.5014,13.3927
1.5148,13.3423
1.5281,13.2520
1.5415,13.1792
1.5549,13.1257
1.5682,13.0931
1.5816,13.0821
0.0000,13.0821
0.0116,13.0903
0.0232,13.1149
0.0347,13.1553
0.0463,13.2107
0.0579,13.2800
0.0695,13.3619
0.0810,13.3830
0.0926,13.2223
0.1042,13.0590
0.1158,12.8962
0.1274,12.7371
0.1389,12.5850
0.1505,12.4438
0.1621,12.3172
0.1737,12.2085
0.1853,12.1204
0.1968,12.0540
0.2084,12.0090
0.2200,11.9836
0.2316,11.9755
0.2431,11.9818
0.2547,12.0002
0.2663,12.0264
0.2779,11.9312
0.2895,11.8557
0.3010,11.7501
0.3126,11.6642
0.3242,11.5817
0.3358,11.5025
0.3473,11.4266
0.3589,11.2952
0.3705,11.0439
0.3821,10.8588
0.3937,10.6812
0.4052,10.5897
0.4168,10.5478
0.4284,10.5025
0.4400,10.4246
0.4516,10.3129
0.4631,10.1844
0.4747,10.0581
0.4863,9.9486
0.4979,9.8650
0.5094,9.8095
0.5210,9.7767
0.5326,9.7582
0.5442,9.7470
0.5558,9.7390
0.5673,9.7337
0.5789,9.7318
0.5856,9.7323
0.5923,9.7341
0.5990,9.7369
0.6057,9.7409
0.6123,9.7459
0.6190,9.7521
0.6257,9.7593
0.6324,9.7674
0.6391,9.7766
0.6458,9.7866
0.6524,9.7973
0.6591,9.8088
0.6658,9.8209
0.6725,9.8303
0.6792,9.8425
0.6859,9.8577
0.6926,9.8711
0.6992,9.8827
0.7059,9.8930
0.7126,9.9016
0.7193,9.9076
0.7260,9.9101
0.7327,9.9082
0.7393,9.9007
0.7460,9.8867
0.7527,9.8659
0.7594,9.8383
0.7661,9.8047
0.7728,9.7667
0.7795,9.7262
0.7861,9.6852
0.7928,9.6459
0.7995,9.6104
0.8062,9.6171
0.8129,9.6279
0.8196,9.6317
0.8262,9.6249
0.8329,9.6024
0.8396,9.5603
0.8463,9.5491
0.8530,9.5412
0.8597,9.4991
0.8664,9.4357
0.8730,9.3791
0.8797,9.3348
0.8864,9.2993
0.8931,9.2709
0.8998,9.2774
0.9065,9.3271
0.9131,9.3510
0.9265,9.3162
0.9399,9.3357
0.9533,9.4015
0.9666,9.4745
0.9800,9.5248
0.9934,9.5308
1.0067,9.5821
1.0201,9.7337
1.0335,9.8550
1.0468,9.9683
1.0602,10.1444
1.0736,10.3358
1.0870,10.5344
1.1003,10.7386
1.1137,10.9469
1.1271,10.9068
1.1404,10.9650
1.1538,11.1438
1.1672,11.3509
1.1805,11.5696
1.1939,11.7956
1.2073,12.0247
1.2206,12.1920
1.2340,12.2207
1.2474,12.2169
1.2608,12.1858
1.2741,12.1296
1.2875,12.0543
1.3009,11.9663
1.3142,11.8709
1.3276,11.7718
1.3410,11.6718
1.3543,11.5724
1.3677,11.4749
1.3811,11.4936
1.3944,11.6598
1.4078,11.8592
1.4212,12.0783
1.4346,12.3069
1.4479,12.5378
1.4613,12.7655
1.4747,12.9860
1.4880,13.1959
1.5014,13.3929
1.5148,13.3423
1.5281,13.2520
1.5415,13.1792
1.5549,13.1257
1.5682,13.0931
1.5816,13.0821
0.0000,14.1417
0.0116,14.1151
0.0232,14.0438
0.0347,13.9427
0.0463,13.8214
0.0579,13.6854
0.0695,13.5383
0.0810,13.4549
0.0926,13.5572
0.1042,13.5522
0.1158,13.4437
0.1274,13.3323
0.1389,13.2192
0.1505,13.1052
0.1621,12.9909
0.1737,12.8771
0.1853,12.7641
0.1968,12.6525
0.2084,12.5425
0.2200,12.4345
0.2316,12.3286
0.2431,12.2252
0.2547,12.1244
0.2663,12.0281
0.2779,12.0631
0.2895,12.1016
0.3010,12.1356
0.3126,12.1371
0.3242,12.0254
0.3358,11.8034
0.3473,11.5511
0.3589,11.3487
0.3705,11.0920
0.3821,11.0670
0.3937,11.1584
0.4052,11.1003
0.4168,11.0458
0.4284,10.9312
0.4400,10.7974
0.4516,10.7604
0.4631,10.8015
0.4747,10.8288
0.4863,10.7965
0.4979,10.7681
0.5094,10.7434
0.5210,10.7225
0.5326,10.6495
0.5442,10.4936
0.5558,10.3531
0.5673,10.2468
0.5789,10.2047
0.5856,10.1940
0.5923,10.1648
0.5990,10.1228
0.6057,10.0737
0.6123,10.0221
0.6190,9.9715
0.6257,9.9250
0.6324,9.8851
0.6391,9.8541
0.6458,9.8331
0.6524,9.8217
0.6591,9.8186
0.6658,9.8220
0.6725,9.8333
0.6792,9.8460
0.6859,9.8587
0.6926,9.8755
0.6992,9.8956
0.7059,9.9176
0.7126,9.9415
0.7193,9.9671
0.7260,9.9943
0.7327,10.0230
0.7393,10.0532
0.7460,10.0849
0.7527,10.1179
0.7594,10.1523
0.7661,10.1880
0.7728,10.2249
0.7795,10.2628
0.7861,10.3016
0.7928,10.3409
0.7995,10.3794
0.8062,10.4132
0.8129,10.4223
0.8196,10.3201
0.8262,10.1930
0.8329,10.0636
0.8396,9.9373
0.8463,9.8206
0.8530,9.7282
0.8597,9.6848
0.8664,9.6839
0.8730,9.6999
0.8797,9.7222
0.8864,9.7473
0.8931,9.6763
0.8998,9.5939
0.9065,9.5231
0.9131,9.4905
0.9265,9.5748
0.9399,9.7069
0.9533,9.7517
0.9666,9.8129
0.9800,9.9099
0.9934,10.0170
1.0067,10.0944
1.0201,10.0769
1.0335,10.0389
1.0468,10.1458
1.0602,10.3160
1.0736,10.5016
1.0870,10.6945
1.1003,10.8087
1.1137,10.9889
1.1271,11.1591
1.1404,11.3727
1.1538,11.5847
1.1672,11.7878
1.1805,11.9658
1.1939,12.0959
1.2073,12.1768
1.2206,12.2905
1.2340,12.5249
1.2474,12.7745
1.2608,12.9435
1.2741,12.9576
1.2875,12.9585
1.3009,12.9533
1.3142,12.9471
1.3276,12.9434
1.3410,12.9450
1.3543,12.9538
1.3677,12.9715
1.3811,12.9995
1.3944,13.0388
1.4078,13.0902
1.4212,13.1540
1.4346,13.2302
1.4479,13.3181
1.4613,13.4165
1.4747,13.5233
1.4880,13.5661
1.5014,13.4479
1.5148,13.5751
1.5281,13.7416
1.5415,13.8901
1.5549,14.0156
1.5682,14.1067
1.5816,14.1417
0.0000,14.1417
0.0116,14.1151
0.0232,14.0438
0.0347,13.9427
0.0463,13.8214
0.0579,13.6854
0.0695,13.5383
0.0810,13.4549
0.0926,13.5572
0.1042,13.5522
0.1158,13.4437
0.1274,13.3323
0.1389,13.2192
0.1505,13.1052
0.1621,12.9909
0.1737,12.8771
0.1853,12.7641
0.1968,12.6525
0.2084,12.5425
0.2200,12.4345
0.2316,12.3286
0.2431,12.2252
0.2547,12.1244
0.2663,12.0281
0.2779,12.0631
0.2895,12.1016
0.3010,12.1356
0.3126,12.1371
0.3242,12.0254
0.3358,11.8034
0.3473,11.5511
0.3589,11.3487
0.3705,11.0920
0.3821,11.0670
0.3937,11.1584
0.4052,11.1003
0.4168,11.0458
0.4284,10.9312
0.4400,10.7974
0.4516,10.7604
0.4631,10.8015
0.4747,10.8288
0.4863,10.7965
0.4979,10.7681
0.5094,10.7434
0.5210,10.7225
0.5326,10.6495
0.5442,10.4936
0.5558,10.3531
0.5673,10.2468
0.5789,10.2047
0.5856,10.1940
0.5923,10.1648
0.5990,10.1228
0.6057,10.0738
0.6123,10.0222
0.6190,9.9716
0.6257,9.9250
0.6324,9.8851
0.6391,9.8541
0.6458,9.8331
0.6524,9.8218
0.6591,9.8187
0.6658,9.8220
0.6725,9.8334
0.6792,9.8461
0.6859,9.8587
0.6926,9.8756
0.6992,9.8956
0.7059,9.9177
0.7126,9.9415
0.7193,9.9671
0.7260,9.9943
0.7327,10.0230
0.7393,10.0532
0.7460,10.0849
0.7527,10.1179
0.7594,10.1523
0.7661,10.1880
0.7728,10.2249
0.7795,10.2628
0.7861,10.3016
0.7928,10.3409
0.7995,10.3794
0.8062,10.4132
0.8129,10.4223
0.8196,10.3207
0.8262,10.1936
0.8329,10.0643
0.8396,9.9379
0.8463,9.8211
0.8530,9.7284
0.8597,9.6852
0.8664,9.6845
0.8730,9.7004
0.8797,9.7226
0.8864,9.7475
0.8931,9.6763
0.8998,9.5939
0.9065,9.5232
0.9131,9.4905
0.9265,9.5748
0.9399,9.7069
0.9533,9.7533
0.9666,9.8145
0.9800,9.9112
0.9934,10.0177
1.0067,10.0945
1.0201,10.0770
1.0335,10.0390
1.0468,10.1459
1.0602,10.3161
1.0736,10.5016
1.0870,10.6945
1.1003,10.8087
1.1137,10.9897
1.1271,11.1594
1.1404,11.3731
1.1538,11.5853
1.1672,11.7885
1.1805,11.9668
1.1939,12.0971
1.2073,12.1775
1.2206,12.2920
1.2340,12.5259
1.2474,12.7753
1.2608,12.9435
1.2741,12.9576
1.2875,12.9585
1.3009,12.9534
1.3142,12.9472
1.3276,12.9435
1.3410,12.9451
1.3543,12.9539
1.3677,12.9716
1.3811,12.9997
1.3944,13.0390
1.4078,13.0904
1.4212,13.1542
1.4346,13.2304
1.4479,13.3183
1.4613,13.4167
1.4747,13.5235
1.4880,13.5661
1.5014,13.4479
1.5148,13.5752
1.5281,13.7417
1.5415,13.8901
1.5549,14.0156
1.5682,14.1067
1.5816,14.1417
0.0000,14.1421
0.0116,14.1328
0.0232,14.1057
0.0347,14.0619
0.0463,14.0030
0.0579,13.9309
0.0695,13.8479
0.0810,13.7559
0.0926,13.6568
0.1042,13.6673
0.1158,13.7834
0.1274,13.9038
0.1389,14.0268
0.1505,14.1508
0.1621,14.2738
0.1737,14.3918
0.1853,14.4883
0.1968,14.4436
0.2084,14.2046
0.2200,13.9288
0.2316,13.6485
0.2431,13.3711
0.2547,13.1014
0.2663,12.8462
0.2779,12.6202
0.2895,12.4565
0.3010,12.3875
0.3126,12.3475
0.3242,12.1555
0.3358,11.8891
0.3473,11.6165
0.3589,11.3543
0.3705,11.2854
0.3821,11.2201
0.3937,11.1958
0.4052,11.3209
0.4168,11.1241
0.4284,10.9950
0.4400,10.9478
0.4516,10.9044
0.4631,10.8647
0.4747,10.8767
0.4863,10.9548
0.4979,10.9945
0.5094,10.9391
0.5210,10.8064
0.5326,10.7054
0.5442,10.6921
0.5558,10.6826
0.5673,10.6769
0.5789,10.6750
0.5856,10.6842
0.5923,10.7093
0.5990,10.7448
0.6057,10.7858
0.6123,10.8054
0.6190,10.8095
0.6257,10.8142
0.6324,10.8197
0.6391,10.8258
0.6458,10.8326
0.6524,10.8400
0.6591,10.8480
0.6658,10.8565
0.6725,10.8654
0.6792,10.8744
0.6859,10.8832
0.6926,10.8912
0.6992,10.8973
0.7059,10.8996
0.7126,10.8939
0.7193,10.8755
0.7260,10.8430
0.7327,10.8012
0.7393,10.7574
0.7460,10.7170
0.7527,10.6830
0.7594,10.6566
0.7661,10.6378
0.7728,10.6254
0.7795,10.6173
0.7861,10.6103
0.7928,10.5995
0.7995,10.5762
0.8062,10.5252
0.8129,10.4362
0.8196,10.3635
0.8262,10.2744
0.8329,10.1910
0.8396,10.1234
0.8463,10.0727
0.8530,10.0339
0.8597,9.9982
0.8664,9.9569
0.8730,9.9038
0.8797,9.8371
0.8864,9.7596
0.8931,9.7730
0.8998,9.7965
0.9065,9.8144
0.9131,9.8213
0.9265,9.7941
0.9399,9.7500
0.9533,9.8472
0.9666,9.9846
0.9800,10.0636
0.9934,10.0846
1.0067,10.1493
1.0201,10.2480
1.0335,10.3602
1.0468,10.4714
1.0602,10.5697
1.0736,10.6470
1.0870,10.7108
1.1003,10.8874
1.1137,10.9898
1.1271,11.2005
1.1404,11.4213
1.1538,11.6487
1.1672,11.8814
1.1805,12.1181
1.1939,12.3550
1.2073,12.5711
1.2206,12.7271
1.2340,12.8362
1.2474,12.9064
1.2608,13.0302
1.2741,13.2582
1.2875,13.4167
1.3009,13.6024
1.3142,13.8099
1.3276,14.0339
1.3410,14.2696
1.3543,14.5115
1.3677,14.7301
1.3811,14.6647
1.3944,14.5381
1.4078,14.4006
1.4212,14.2585
1.4346,14.1146
1.4479,13.9711
1.4613,13.8303
1.4747,13.6944
1.4880,13.6354
1.5014,13.7483
1.5148,13.8564
1.5281,13.9533
1.5415,14.0337
1.5549,14.0933
1.5682,14.1297
1.5816,14.1421
0.0000,14.1421
0.0116,14.1328
0.0232,14.1057
0.0347,14.0619
0.0463,14.0030
0.0579,13.9309
0.0695,13.8479
0.0810,13.7559
0.0926,13.6568
0.1042,13.6673
0.1158,13.7834
0.1274,13.9038
0.1389,14.0268
0.1505,14.1508
0.1621,14.2738
0.1737,14.3918
0.1853,14.4883
0.1968,14.4436
0.2084,14.2046
0.2200,13.9288
0.2316,13.6485
0.2431,13.3711
0.2547,13.1014
0.2663,12.8462
0.2779,12.6202
0.2895,12.4565
0.3010,12.3875
0.3126,12.3475
0.3242,12.1555
0.3358,11.8891
0.3473,11.6165
0.3589,11.3543
0.3705,11.2854
0.3821,11.2201
0.3937,11.1958
0.4052,11.3209
0.4168,11.1241
0.4284,10.9950
0.4400,10.9478
0.4516,10.9044
0.4631,10.8647
0.4747,10.8767
0.4863,10.9548
0.4979,10.9945
0.5094,10.9391
0.5210,10.8064
0.5326,10.7054
0.5442,10.6921
0.5558,10.6826
0.5673,10.6769
0.5789,10.6750
0.5856,10.6842
0.5923,10.7093
0.5990,10.7449
0.6057,10.7858
0.6123,10.8056
0.6190,10.8096
0.6257,10.8144
0.6324,10.8199
0.6391,10.8260
0.6458,10.8329
0.6524,10.8403
0.6591,10.8484
0.6658,10.8569
0.6725,10.8657
0.6792,10.8748
0.6859,10.8836
0.6926,10.8916
0.6992,10.8976
0.7059,10.8997
0.7126,10.8943
0.7193,10.8770
0.7260,10.8455
0.7327,10.8045
0.7393,10.7610
0.7460,10.7206
0.7527,10.6862
0.7594,10.6594
0.7661,10.6400
0.7728,10.6271
0.7795,10.6184
0.7861,10.6109
0.7928,10.5997
0.7995,10.5762
0.8062,10.5253
0.8129,10.4365
0.8196,10.3635
0.8262,10.2744
0.8329,10.1910
0.8396,10.1234
0.8463,10.0727
0.8530,10.0339
0.8597,9.9982
0.8664,9.9569
0.8730,9.9038
0.8797,9.8372
0.8864,9.7596
0.8931,9.7730
0.8998,9.7967
0.9065,9.8145
0.9131,9.8215
0.9265,9.7944
0.9399,9.7510
0.9533,9.8472
0.9666,9.9846
0.9800,10.0636
0.9934,10.0846
1.0067,10.1493
1.0201,10.2480
1.0335,10.3602
1.0468,10.4714
1.0602,10.5697
1.0736,10.6470
1.0870,10.7108
1.1003,10.8876
1.1137,10.9913
1.1271,11.2005
1.1404,11.4213
1.1538,11.6487
1.1672,11.8814
1.1805,12.1182
1.1939,12.3550
1.2073,12.5711
1.2206,12.7271
1.2340,12.8362
1.2474,12.9064
1.2608,13.0308
1.2741,13.2592
1.2875,13.4175
1.3009,13.6033
1.3142,13.8110
1.3276,14.0351
1.3410,14.2710
1.3543,14.5133
1.3677,14.7326
1.3811,14.6649
1.3944,14.5382
1.4078,14.4007
1.4212,14.2585
1.4346,14.1146
1.4479,13.9712
1.4613,13.8303
1.4747,13.6945
1.4880,13.6356
1.5014,13.7485
1.5148,13.8565
1.5281,13.9534
1.5415,14.0337
1.5549,14.0933
1.5682,14.1297
1.5816,14.1421
0.0000,14.5884
0.0116,14.6043
0.0232,14.6430
0.0347,14.6905
0.0463,14.7380
0.0579,14.7815
0.0695,14.8196
0.0810,14.8519
0.0926,14.8789
0.1042,14.9012
0.1158,14.9199
0.1274,14.9360
0.1389,14.9504
0.1505,14.9636
0.1621,14.9760
0.1737,14.9870
0.1853,14.8554
0.1968,14.7459
0.2084,14.8221
0.2200,14.7795
0.2316,14.5116
0.2431,14.2169
0.2547,13.9173
0.2663,13.6190
0.2779,13.3250
0.2895,13.0384
0.3010,12.7664
0.3126,12.5355
0.3242,12.4236
0.3358,12.4189
0.3473,12.4054
0.3589,12.2755
0.3705,12.0570
0.3821,11.8177
0.3937,11.5776
0.4052,11.3441
0.4168,11.4098
0.4284,11.2816
0.4400,11.2070
0.4516,11.1782
0.4631,11.1731
0.4747,11.1697
0.4863,11.1526
0.4979,11.1149
0.5094,11.0591
0.5210,10.9940
0.5326,10.9294
0.5442,10.8734
0.5558,10.8311
0.5673,10.8050
0.5789,10.7963
0.5856,10.7967
0.5923,10.7978
0.5990,10.7996
0.6057,10.8022
0.6123,10.8287
0.6190,10.8714
0.6257,10.9127
0.6324,10.9520
0.6391,10.9889
0.6458,11.0236
0.6524,11.0561
0.6591,11.0865
0.6658,11.1151
0.6725,11.1420
0.6792,11.1675
0.6859,11.1916
0.6926,11.2144
0.6992,11.2358
0.7059,11.2095
0.7126,11.1528
0.7193,11.1130
0.7260,11.0930
0.7327,11.0891
0.7393,11.0956
0.7460,11.1083
0.7527,11.1249
0.7594,11.1441
0.7661,11.1647
0.7728,11.1766
0.7795,11.0906
0.7861,10.9885
0.7928,10.8766
0.7995,10.7611
0.8062,10.6502
0.8129,10.5672
0.8196,10.5587
0.8262,10.5910
0.8329,10.5807
0.8396,10.5223
0.8463,10.4604
0.8530,10.3987
0.8597,10.3408
0.8664,10.2894
0.8730,10.2460
0.8797,10.2107
0.8864,10.1822
0.8931,10.1587
0.8998,10.1388
0.9065,10.1233
0.9131,10.1169
0.9265,10.1469
0.9399,10.2237
0.9533,10.3047
0.9666,10.2140
0.9800,10.2176
0.9934,10.3510
1.0067,10.4615
1.0201,10.4902
1.0335,10.6089
1.0468,10.7610
1.0602,10.9264
1.0736,11.0982
1.0870,11.2693
1.1003,11.2126
1.1137,11.1611
1.1271,11.3446
1.1404,11.5612
1.1538,11.7870
1.1672,12.0196
1.1805,12.2581
1.1939,12.4941
1.2073,12.6716
1.2206,12.8554
1.2340,12.9697
1.2474,13.0455
1.2608,13.1358
1.2741,13.2918
1.2875,13.5562
1.3009,13.8241
1.3142,14.0931
1.3276,14.3586
1.3410,14.6062
1.3543,14.7774
1.3677,14.8000
1.3811,15.0045
1.3944,15.2218
1.4078,15.2757
1.4212,15.2097
1.4346,15.1471
1.4479,15.0880
1.4613,15.0320
1.4747,14.9786
1.4880,14.9269
1.5014,14.8759
1.5148,14.8241
1.5281,14.7704
1.5415,14.7142
1.5549,14.6575
1.5682,14.6092
1.5816,14.5884
0.0000,14.5884
0.0116,14.6043
0.0232,14.6430
0.0347,14.6905
0.0463,14.7380
0.0579,14.7815
0.0695,14.8196
0.0810,14.8519
0.0926,14.8789
0.1042,14.9012
0.1158,14.9199
0.1274,14.9360
0.1389,14.9504
0.1505,14.9636
0.1621,14.9760
0.1737,14.9870
0.1853,14.8554
0.1968,14.7459
0.2084,14.8221
0.2200,14.7795
0.2316,14.5116
0.2431,14.2169
0.2547,13.9173
0.2663,13.6190
0.2779,13.3250
0.2895,13.0384
0.3010,12.7664
0.3126,12.5355
0.3242,12.4236
0.3358,12.4189
0.3473,12.4054
0.3589,12.2755
0.3705,12.0570
0.3821,11.8177
0.3937,11.5776
0.4052,11.3441
0.4168,11.4098
0.4284,11.2816
0.4400,11.2070
0.4516,11.1782
0.4631,11.1731
0.4747,11.1697
0.4863,11.1526
0.4979,11.1149
0.5094,11.0591
0.5210,10.9940
0.5326,10.9294
0.5442,10.8734
0.5558,10.8311
0.5673,10.8050
0.5789,10.7963
0.5856,10.7967
0.5923,10.7978
0.5990,10.7997
0.6057,10.8023
0.6123,10.8288
0.6190,10.8715
0.6257,10.9128
0.6324,10.9520
0.6391,10.9890
0.6458,11.0237
0.6524,11.0561
0.6591,11.0865
0.6658,11.1151
0.6725,11.1421
0.6792,11.1675
0.6859,11.1916
0.6926,11.2144
0.6992,11.2358
0.7059,11.2162
0.7126,11.1588
0.7193,11.1178
0.7260,11.0963
0.7327,11.0914
0.7393,11.0972
0.7460,11.1094
0.7527,11.1256
0.7594,11.1445
0.7661,11.1649
0.7728,11.1766
0.7795,11.0906
0.7861,10.9885
0.7928,10.8766
0.7995,10.7611
0.8062,10.6502
0.8129,10.5672
0.8196,10.5587
0.8262,10.5910
0.8329,10.5815
0.8396,10.5238
0.8463,10.4625
0.8530,10.4012
0.8597,10.3436
0.8664,10.2921
0.8730,10.2485
0.8797,10.2126
0.8864,10.1834
0.8931,10.1592
0.8998,10.1389
0.9065,10.1238
0.9131,10.1176
0.9265,10.1473
0.9399,10.2239
0.9533,10.3047
0.9666,10.2141
0.9800,10.2176
0.9934,10.3510
1.0067,10.4647
1.0201,10.4936
1.0335,10.6118
1.0468,10.7635
1.0602,10.9287
1.0736,11.1005
1.0870,11.2725
1.1003,11.2163
1.1137,11.1617
1.1271,11.3447
1.1404,11.5613
1.1538,11.7871
1.1672,12.0197
1.1805,12.2581
1.1939,12.4942
1.2073,12.6716
1.2206,12.8555
1.2340,12.9699
1.2474,13.0455
1.2608,13.1359
1.2741,13.2931
1.2875,13.5572
1.3009,13.8250
1.3142,14.0940
1.3276,14.3596
1.3410,14.6073
1.3543,14.7787
1.3677,14.8014
1.3811,15.0058
1.3944,15.2235
1.4078,15.2758
1.4212,15.2097
1.4346,15.1472
1.4479,15.0881
1.4613,15.0321
1.4747,14.9786
1.4880,14.9269
1.5014,14.8759
1.5148,14.8242
1.5281,14.7704
1.5415,14.7142
1.5549,14.6575
1.5682,14.6092
1.5816,14.5884
0.0000,15.2059
0.0116,15.2091
0.0232,15.2184
0.0347,15.2338
0.0463,15.2553
0.0579,15.2827
0.0695,15.3155
0.0810,15.3531
0.0926,15.3944
0.1042,15.4372
0.1158,15.4771
0.1274,15.5057
0.1389,15.5052
0.1505,15.4449
0.1621,15.2999
0.1737,15.0872
0.1853,14.9946
0.1968,14.9911
0.2084,14.9462
0.2200,14.9248
0.2316,14.6585
0.2431,14.3381
0.2547,14.0213
0.2663,13.7091
0.2779,13.4021
0.2895,13.1021
0.3010,12.8151
0.3126,12.5830
0.3242,12.5364
0.3358,12.5605
0.3473,12.5358
0.3589,12.4054
0.3705,12.2078
0.3821,11.9919
0.3937,11.7789
0.4052,11.5807
0.4168,11.4420
0.4284,11.5580
0.4400,11.6683
0.4516,11.7722
0.4631,11.8690
0.4747,11.7762
0.4863,11.5985
0.4979,11.4781
0.5094,11.4689
0.5210,11.5521
0.5326,11.6748
0.5442,11.8132
0.5558,11.9557
0.5673,12.0853
0.5789,12.1496
0.5856,12.1520
0.5923,12.1594
0.5990,12.1711
0.6057,12.1853
0.6123,12.1512
0.6190,12.1075
0.6257,12.0578
0.6324,12.0026
0.6391,11.9424
0.6458,11.8776
0.6524,11.8087
0.6591,11.7365
0.6658,11.6615
0.6725,11.5845
0.6792,11.5064
0.6859,11.4281
0.6926,11.3511
0.6992,11.2772
0.7059,11.2558
0.7126,11.2742
0.7193,11.2907
0.7260,11.3046
0.7327,11.3151
0.7393,11.3209
0.7460,11.3199
0.7527,11.3093
0.7594,11.2848
0.7661,11.2416
0.7728,11.1855
0.7795,11.1990
0.7861,11.1431
0.7928,11.0155
0.7995,10.8922
0.8062,10.7930
0.8129,10.7263
0.8196,10.6786
0.8262,10.6326
0.8329,10.6317
0.8396,10.6719
0.8463,10.6987
0.8530,10.6766
0.8597,10.6133
0.8664,10.5511
0.8730,10.5044
0.8797,10.4755
0.8864,10.4621
0.8931,10.4592
0.8998,10.4622
0.9065,10.4667
0.9131,10.4690
0.9265,10.4534
0.9399,10.3964
0.9533,10.3228
0.9666,10.4278
0.9800,10.5133
0.9934,10.5169
1.0067,10.5128
1.0201,10.6835
1.0335,10.8595
1.0468,11.0368
1.0602,11.1958
1.0736,11.2857
1.0870,11.3673
1.1003,11.4546
1.1137,11.6054
1.1271,11.7455
1.1404,11.8906
1.1538,12.0379
1.1672,12.1867
1.1805,12.3379
1.1939,12.4951
1.2073,12.6827
1.2206,12.8999
1.2340,13.1539
1.2474,13.4175
1.2608,13.6876
1.2741,13.9631
1.2875,14.2434
1.3009,14.5277
1.3142,14.8140
1.3276,15.0949
1.3410,15.2291
1.3543,15.2100
1.3677,15.3564
1.3811,15.4164
1.3944,15.3450
1.4078,15.3979
1.4212,15.5076
1.4346,15.5470
1.4479,15.5361
1.4613,15.4984
1.4747,15.4496
1.4880,15.3987
1.5014,15.3505
1.5148,15.3076
1.5281,15.2716
1.5415,15.2431
1.5549,15.2225
1.5682,15.2101
1.5816,15.2059
0.0000,15.2059
0.0116,15.2091
0.0232,15.2184
0.0347,15.2338
0.0463,15.2553
0.0579,15.2827
0.0695,15.3155
0.0810,15.3531
0.0926,15.3944
0.1042,15.4372
0.1158,15.4771
0.1274,15.5057
0.1389,15.5052
0.1505,15.4449
0.1621,15.2999
0.1737,15.0872
0.1853,14.9946
0.1968,14.9911
0.2084,14.9462
0.2200,14.9248
0.2316,14.6585
0.2431,14.3381
0.2547,14.0213
0.2663,13.7091
0.2779,13.4021
0.2895,13.1021
0.3010,12.8151
0.3126,12.5830
0.3242,12.5364
0.3358,12.5605
0.3473,12.5358
0.3589,12.4054
0.3705,12.2078
0.3821,11.9919
0.3937,11.7789
0.4052,11.5807
0.4168,11.4420
0.4284,11.5580
0.4400,11.6683
0.4516,11.7722
0.4631,11.8690
0.4747,11.7762
0.4863,11.5985
0.4979,11.4781
0.5094,11.4689
0.5210,11.5521
0.5326,11.6748
0.5442,11.8132
0.5558,11.9557
0.5673,12.0853
0.5789,12.1496
0.5856,12.1521
0.5923,12.1594
0.5990,12.1711
0.6057,12.1856
0.6123,12.1525
0.6190,12.1095
0.6257,12.0605
0.6324,12.0061
0.6391,11.9465
0.6458,11.8823
0.6524,11.8140
0.6591,11.7422
0.6658,11.6676
0.6725,11.5909
0.6792,11.5130
0.6859,11.4349
0.6926,11.3580
0.6992,11.2841
0.7059,11.2559
0.7126,11.2743
0.7193,11.2907
0.7260,11.3046
0.7327,11.3151
0.7393,11.3209
0.7460,11.3200
0.7527,11.3093
0.7594,11.2848
0.7661,11.2416
0.7728,11.1855
0.7795,11.1994
0.7861,11.1434
0.7928,11.0163
0.7995,10.8929
0.8062,10.7934
0.8129,10.7264
0.8196,10.6787
0.8262,10.6329
0.8329,10.6317
0.8396,10.6719
0.8463,10.6987
0.8530,10.6766
0.8597,10.6133
0.8664,10.5511
0.8730,10.5044
0.8797,10.4755
0.8864,10.4621
0.8931,10.4592
0.8998,10.4622
0.9065,10.4667
0.9131,10.4691
0.9265,10.4534
0.9399,10.3964
0.9533,10.3229
0.9666,10.4278
0.9800,10.5136
0.9934,10.5184
1.0067,10.5128
1.0201,10.6835
1.0335,10.8595
1.0468,11.0368
1.0602,11.1958
1.0736,11.2857
1.0870,11.3674
1.1003,11.4560
1.1137,11.6054
1.1271,11.7455
1.1404,11.8907
1.1538,12.0379
1.1672,12.1867
1.1805,12.3379
1.1939,12.4955
1.2073,12.6829
1.2206,12.8999
1.2340,13.1539
1.2474,13.4175
1.2608,13.6876
1.2741,13.9631
1.2875,14.2434
1.3009,14.5277
1.3142,14.8140
1.3276,15.0949
1.3410,15.2291
1.3543,15.2101
1.3677,15.3570
1.3811,15.4165
1.3944,15.3451
1.4078,15.3996
1.4212,15.5091
1.4346,15.5481
1.4479,15.5368
1.4613,15.4988
1.4747,15.4498
1.4880,15.3988
1.5014,15.3506
1.5148,15.3077
1.5281,15.2716
1.5415,15.2431
1.5549,15.2225
1.5682,15.2101
1.5816,15.2059
0.0000,17.7196
0.0116,17.5845
0.0232,17.4379
0.0347,17.3035
0.0463,17.1846
0.0579,17.0827
0.0695,16.9985
0.0810,16.9311
0.0926,16.8789
0.1042,16.8391
0.1158,16.8075
0.1274,16.7498
0.1389,16.5022
0.1505,16.3190
0.1621,16.2199
0.1737,16.1590
0.1853,15.8714
0.1968,15.5749
0.2084,15.3135
0.2200,14.9943
0.2316,15.0519
0.2431,15.0638
0.2547,14.8879
0.2663,14.6307
0.2779,14.3502
0.2895,14.0650
0.3010,13.7813
0.3126,13.5022
0.3242,13.2316
0.3358,12.9787
0.3473,12.7802
0.3589,12.7175
0.3705,12.7558
0.3821,12.8228
0.3937,12.8899
0.4052,12.9153
0.4168,12.8152
0.4284,12.6224
0.4400,12.4070
0.4516,12.1896
0.4631,11.9774
0.4747,11.9582
0.4863,12.0391
0.4979,12.1114
0.5094,12.1235
0.5210,12.1393
0.5326,12.1689
0.5442,12.2030
0.5558,12.2341
0.5673,12.2559
0.5789,12.2637
0.5856,12.2581
0.5923,12.2429
0.5990,12.2198
0.6057,12.1902
0.6123,12.2051
0.6190,12.2253
0.6257,12.2468
0.6324,12.2688
0.6391,12.2909
0.6458,12.3131
0.6524,12.3354
0.6591,12.3577
0.6658,12.3802
0.6725,12.4031
0.6792,12.4265
0.6859,12.4505
0.6926,12.4750
0.6992,12.5001
0.7059,12.5256
0.7126,12.5509
0.7193,12.5731
0.7260,12.5372
0.7327,12.3928
0.7393,12.2388
0.7460,12.0828
0.7527,11.9266
0.7594,11.7713
0.7661,11.6176
0.7728,11.4673
0.7795,11.3276
0.7861,11.2626
0.7928,11.2751
0.7995,11.2936
0.8062,11.3047
0.8129,11.2950
0.8196,11.2607
0.8262,11.1601
0.8329,11.0535
0.8396,10.9518
0.8463,10.8696
0.8530,10.8457
0.8597,10.8763
0.8664,10.9237
0.8730,10.9766
0.8797,10.9586
0.8864,10.9092
0.8931,10.8655
0.8998,10.8318
0.9065,10.8111
0.9131,10.8042
0.9265,10.8279
0.9399,10.8838
0.9533,10.9394
0.9666,10.9381
0.9800,10.8732
0.9934,10.8657
1.0067,10.9609
1.0201,11.0975
1.0335,11.2497
1.0468,11.3168
1.0602,11.3396
1.0736,11.4712
1.0870,11.3818
1.1003,11.4763
1.1137,11.6273
1.1271,11.7952
1.1404,11.9531
1.1538,12.0970
1.1672,12.2271
1.1805,12.3558
1.1939,12.5143
1.2073,12.7558
1.2206,13.0116
1.2340,13.2734
1.2474,13.5407
1.2608,13.7998
1.2741,14.0661
1.2875,14.3428
1.3009,14.5921
1.3142,14.8476
1.3276,15.1162
1.3410,15.3648
1.3543,15.5262
1.3677,15.4858
1.3811,15.5930
1.3944,15.8449
1.4078,16.0921
1.4212,16.3373
1.4346,16.5947
1.4479,16.7268
1.4613,16.7693
1.4747,16.8134
1.4880,16.8658
1.5014,16.9316
1.5148,17.0153
1.5281,17.1198
1.5415,17.2466
1.5549,17.3950
1.5682,17.5612
1.5816,17.7196
0.0000,17.7196
0.0116,17.5845
0.0232,17.4379
0.0347,17.3035
0.0463,17.1846
0.0579,17.0827
0.0695,16.9985
0.0810,16.9311
0.0926,16.8789
0.1042,16.8391
0.1158,16.8075
0.1274,16.7498
0.1389,16.5022
0.1505,16.3190
0.1621,16.2199
0.1737,16.1590
0.1853,15.8714
0.1968,15.5749
0.2084,15.3135
0.2200,14.9943
0.2316,15.0519
0.2431,15.0638
0.2547,14.8879
0.2663,14.6307
0.2779,14.3502
0.2895,14.0650
0.3010,13.7813
0.3126,13.5022
0.3242,13.2316
0.3358,12.9787
0.3473,12.7802
0.3589,12.7175
0.3705,12.7558
0.3821,12.8228
0.3937,12.8899
0.4052,12.9153
0.4168,12.8152
0.4284,12.6224
0.4400,12.4070
0.4516,12.1896
0.4631,11.9774
0.4747,11.9582
0.4863,12.0391
0.4979,12.1114
0.5094,12.1235
0.5210,12.1393
0.5326,12.1689
0.5442,12.2030
0.5558,12.2341
0.5673,12.2559
0.5789,12.2637
0.5856,12.2585
0.5923,12.2433
0.5990,12.2198
0.6057,12.1904
0.6123,12.2051
0.6190,12.2253
0.6257,12.2468
0.6324,12.2688
0.6391,12.2909
0.6458,12.3132
0.6524,12.3354
0.6591,12.3577
0.6658,12.3802
0.6725,12.4032
0.6792,12.4265
0.6859,12.4505
0.6926,12.4750
0.6992,12.5002
0.7059,12.5257
0.7126,12.5509
0.7193,12.5731
0.7260,12.5379
0.7327,12.3940
0.7393,12.2402
0.7460,12.0842
0.7527,11.9280
0.7594,11.7727
0.7661,11.6191
0.7728,11.4688
0.7795,11.3292
0.7861,11.2632
0.7928,11.2753
0.7995,11.2941
0.8062,11.3052
0.8129,11.2954
0.8196,11.2625
0.8262,11.1601
0.8329,11.0535
0.8396,10.9518
0.8463,10.8696
0.8530,10.8457
0.8597,10.8763
0.8664,10.9237
0.8730,10.9766
0.8797,10.9606
0.8864,10.9122
0.8931,10.8695
0.8998,10.8365
0.9065,10.8162
0.9131,10.8095
0.9265,10.8327
0.9399,10.8872
0.9533,10.9406
0.9666,10.9386
0.9800,10.8732
0.9934,10.8659
1.0067,10.9609
1.0201,11.0976
1.0335,11.2499
1.0468,11.3168
1.0602,11.3396
1.0736,11.4712
1.0870,11.3841
1.1003,11.4763
1.1137,11.6290
1.1271,11.7970
1.1404,11.9550
1.1538,12.0989
1.1672,12.2287
1.1805,12.3568
1.1939,12.5144
1.2073,12.7560
1.2206,13.0118
1.2340,13.2735
1.2474,13.5408
1.2608,13.7999
1.2741,14.0661
1.2875,14.3428
1.3009,14.5922
1.3142,14.8476
1.3276,15.1162
1.3410,15.3648
1.3543,15.5262
1.3677,15.4859
1.3811,15.5939
1.3944,15.8462
1.4078,16.0937
1.4212,16.3390
1.4346,16.5962
1.4479,16.7269
1.4613,16.7694
1.4747,16.8135
1.4880,16.8658
1.5014,16.9317
1.5148,17.0153
1.5281,17.1198
1.5415,17.2466
1.5549,17.3950
1.5682,17.5612
1.5816,17.7196
0.0000,17.7196
0.0116,17.7319
0.0232,17.7686
0.0347,17.8283
0.0463,17.9092
0.0579,18.0089
0.0695,18.1249
0.0810,17.9493
0.0926,17.6400
0.1042,17.3322
0.1158,17.0323
0.1274,16.7774
0.1389,16.7341
0.1505,16.6405
0.1621,16.4446
0.1737,16.1706
0.1853,15.9548
0.1968,15.6405
0.2084,15.3177
0.2200,15.1796
0.2316,15.1314
0.2431,15.1647
0.2547,15.0966
0.2663,14.8081
0.2779,14.5174
0.2895,14.2308
0.3010,13.9505
0.3126,13.6795
0.3242,13.4235
0.3358,13.1984
0.3473,13.0470
0.3589,13.0120
0.3705,13.0476
0.3821,13.0953
0.3937,13.1163
0.4052,13.0762
0.4168,12.9680
0.4284,12.8197
0.4400,12.6594
0.4516,12.5041
0.4631,12.3651
0.4747,12.2523
0.4863,12.1734
0.4979,12.1319
0.5094,12.1747
0.5210,12.2286
0.5326,12.2730
0.5442,12.3077
0.5558,12.3325
0.5673,12.3474
0.5789,12.3524
0.5856,12.3539
0.5923,12.3590
0.5990,12.3663
0.6057,12.3747
0.6123,12.3841
0.6190,12.3943
0.6257,12.4055
0.6324,12.4177
0.6391,12.4310
0.6458,12.4455
0.6524,12.4611
0.6591,12.4780
0.6658,12.4961
0.6725,12.5153
0.6792,12.5356
0.6859,12.5569
0.6926,12.5790
0.6992,12.6013
0.7059,12.6228
0.7126,12.6393
0.7193,12.6307
0.7260,12.5728
0.7327,12.4778
0.7393,12.3415
0.7460,12.2051
0.7527,12.0761
0.7594,11.9593
0.7661,11.8590
0.7728,11.7774
0.7795,11.7117
0.7861,11.6548
0.7928,11.5977
0.7995,11.5326
0.8062,11.4552
0.8129,11.3652
0.8196,11.2656
0.8262,11.2214
0.8329,11.1887
0.8396,11.1640
0.8463,11.1432
0.8530,11.1208
0.8597,11.0921
0.8664,11.0544
0.8730,11.0087
0.8797,11.0322
0.8864,11.0892
0.8931,11.1465
0.8998,11.2022
0.9065,11.2504
0.9131,11.2726
0.9265,11.2192
0.9399,11.1743
0.9533,11.1763
0.9666,11.2107
0.9800,11.2581
0.9934,11.3032
1.0067,11.3336
1.0201,11.3421
1.0335,11.3311
1.0468,11.4075
1.0602,11.5463
1.0736,11.5296
1.0870,11.6598
1.1003,11.8625
1.1137,12.0727
1.1271,12.2887
1.1404,12.5092
1.1538,12.7318
1.1672,12.9438
1.1805,13.1032
1.1939,13.1303
1.2073,13.1492
1.2206,13.1992
1.2340,13.3355
1.2474,13.5505
1.2608,13.8137
1.2741,14.0919
1.2875,14.3486
1.3009,14.6275
1.3142,14.9189
1.3276,15.2115
1.3410,15.3856
1.3543,15.6323
1.3677,15.8910
1.3811,16.1323
1.3944,16.3400
1.4078,16.4987
1.4212,16.6064
1.4346,16.6768
1.4479,16.8712
1.4613,17.1640
1.4747,17.4680
1.4880,17.7788
1.5014,18.0918
1.5148,18.0673
1.5281,17.9579
1.5415,17.8602
1.5549,17.7841
1.5682,17.7360
1.5816,17.7196
0.0000,17.7196
0.0116,17.7319
0.0232,17.7686
0.0347,17.8283
0.0463,17.9092
0.0579,18.0089
0.0695,18.1249
0.0810,17.9493
0.0926,17.6400
0.1042,17.3322
0.1158,17.0323
0.1274,16.7774
0.1389,16.7341
0.1505,16.6405
0.1621,16.4446
0.1737,16.1706
0.1853,15.9548
0.1968,15.6405
0.2084,15.3177
0.2200,15.1796
0.2316,15.1315
0.2431,15.1647
0.2547,15.0966
0.2663,14.8081
0.2779,14.5174
0.2895,14.2308
0.3010,13.9505
0.3126,13.6795
0.3242,13.4235
0.3358,13.1984
0.3473,13.0470
0.3589,13.0120
0.3705,13.0476
0.3821,13.0953
0.3937,13.1163
0.4052,13.0762
0.4168,12.9680
0.4284,12.8197
0.4400,12.6594
0.4516,12.5041
0.4631,12.3651
0.4747,12.2523
0.4863,12.1734
0.4979,12.1319
0.5094,12.1747
0.5210,12.2286
0.5326,12.2730
0.5442,12.3077
0.5558,12.3325
0.5673,12.3474
0.5789,12.3524
0.5856,12.3552
0.5923,12.3612
0.5990,12.3688
0.6057,12.3775
0.6123,12.3869
0.6190,12.3971
0.6257,12.4082
0.6324,12.4203
0.6391,12.4335
0.6458,12.4478
0.6524,12.4633
0.6591,12.4801
0.6658,12.4980
0.6725,12.5171
0.6792,12.5373
0.6859,12.5585
0.6926,12.5804
0.6992,12.6025
0.7059,12.6236
0.7126,12.6398
0.7193,12.6308
0.7260,12.5728
0.7327,12.4778
0.7393,12.3415
0.7460,12.2051
0.7527,12.0761
0.7594,11.9593
0.7661,11.8591
0.7728,11.7774
0.7795,11.7117
0.7861,11.6548
0.7928,11.5977
0.7995,11.5326
0.8062,11.4552
0.8129,11.3652
0.8196,11.2656
0.8262,11.2235
0.8329,11.1906
0.8396,11.1652
0.8463,11.1437
0.8530,11.1209
0.8597,11.0921
0.8664,11.0547
0.8730,11.0098
0.8797,11.0322
0.8864,11.0892
0.8931,11.1465
0.8998,11.2022
0.9065,11.2504
0.9131,11.2726
0.9265,11.2192
0.9399,11.1743
0.9533,11.1763
0.9666,11.2107
0.9800,11.2581
0.9934,11.3032
1.0067,11.3336
1.0201,11.3421
1.0335,11.3311
1.0468,11.4075
1.0602,11.5470
1.0736,11.5328
1.0870,11.6598
1.1003,11.8625
1.1137,12.0727
1.1271,12.2887
1.1404,12.5093
1.1538,12.7318
1.1672,12.9438
1.1805,13.1033
1.1939,13.1306
1.2073,13.1495
1.2206,13.1994
1.2340,13.3355
1.2474,13.5505
1.2608,13.8139
1.2741,14.0921
1.2875,14.3486
1.3009,14.6276
1.3142,14.9189
1.3276,15.2117
1.3410,15.3856
1.3543,15.6323
1.3677,15.8910
1.3811,16.1323
1.3944,16.3401
1.4078,16.4987
1.4212,16.6065
1.4346,16.6769
1.4479,16.8724
1.4613,17.1648
1.4747,17.4687
1.4880,17.7793
1.5014,18.0922
1.5148,18.0673
1.5281,17.9580
1.5415,17.8603
1.5549,17.7841
1.5682,17.7360
1.5816,17.7196
0.0000,17.7638
0.0116,17.9016
0.0232,18.0549
0.0347,18.1970
0.0463,18.3211
0.0579,18.4224
0.0695,18.2544
0.0810,18.2543
0.0926,18.3941
0.1042,18.2629
0.1158,17.9748
0.1274,17.6648
0.1389,17.3651
0.1505,17.0602
0.1621,16.7200
0.1737,16.4182
0.1853,16.2950
0.1968,16.2728
0.2084,16.1831
0.2200,15.9596
0.2316,15.6806
0.2431,15.4104
0.2547,15.3009
0.2663,15.3185
0.2779,15.3158
0.2895,15.3047
0.3010,15.2542
0.3126,15.1271
0.3242,14.9276
0.3358,14.6922
0.3473,14.4436
0.3589,14.1918
0.3705,13.9420
0.3821,13.6990
0.3937,13.4729
0.4052,13.3003
0.4168,13.2632
0.4284,13.3277
0.4400,13.4227
0.4516,13.5262
0.4631,13.6269
0.4747,13.7067
0.4863,13.7198
0.4979,13.6253
0.5094,13.4671
0.5210,13.2888
0.5326,13.1063
0.5442,12.9268
0.5558,12.7566
0.5673,12.6107
0.5789,12.5411
0.5856,12.5440
0.5923,12.5529
0.5990,12.5679
0.6057,12.5894
0.6123,12.6176
0.6190,12.6528
0.6257,12.6950
0.6324,12.7438
0.6391,12.7986
0.6458,12.8583
0.6524,12.9218
0.6591,12.9878
0.6658,13.0547
0.6725,13.1207
0.6792,13.1831
0.6859,13.2362
0.6926,13.2634
0.6992,13.2097
0.7059,13.0586
0.7126,12.9093
0.7193,12.7832
0.7260,12.6924
0.7327,12.6676
0.7393,12.6741
0.7460,12.5657
0.7527,12.4386
0.7594,12.3080
0.7661,12.1782
0.7728,12.0511
0.7795,11.9278
0.7861,11.8101
0.7928,11.7001
0.7995,11.6018
0.8062,11.5237
0.8129,11.4809
0.8196,11.4781
0.8262,11.4978
0.8329,11.5261
0.8396,11.5572
0.8463,11.5867
0.8530,11.6102
0.8597,11.6249
0.8664,11.6325
0.8730,11.6407
0.8797,11.6547
0.8864,11.6699
0.8931,11.5953
0.8998,11.5235
0.9065,11.4634
0.9131,11.4365
0.9265,11.5148
0.9399,11.5657
0.9533,11.4264
0.9666,11.3651
0.9800,11.4167
0.9934,11.5281
1.0067,11.6625
1.0201,11.8053
1.0335,11.9420
1.0468,11.9611
1.0602,11.8298
1.0736,11.8447
1.0870,12.0052
1.1003,12.1934
1.1137,12.3927
1.1271,12.5998
1.1404,12.8131
1.1538,12.9390
1.1672,13.0607
1.1805,13.1104
1.1939,13.2245
1.2073,13.3358
1.2206,13.4475
1.2340,13.5735
1.2474,13.7267
1.2608,13.9104
1.2741,14.1197
1.2875,14.3753
1.3009,14.6633
1.3142,14.9541
1.3276,15.2295
1.3410,15.5208
1.3543,15.8058
1.3677,16.0716
1.3811,16.3730
1.3944,16.6640
1.4078,16.8109
1.4212,16.9756
1.4346,17.1979
1.4479,17.4625
1.4613,17.7511
1.4747,18.0514
1.4880,18.2594
1.5014,18.1742
1.5148,18.4009
1.5281,18.3973
1.5415,18.2599
1.5549,18.1008
1.5682,17.9257
1.5816,17.7638
0.0000,17.7638
0.0116,17.9016
0.0232,18.0549
0.0347,18.1970
0.0463,18.3211
0.0579,18.4224
0.0695,18.2544
0.0810,18.2543
0.0926,18.3941
0.1042,18.2629
0.1158,17.9748
0.1274,17.6648
0.1389,17.3651
0.1505,17.0602
0.1621,16.7200
0.1737,16.4182
0.1853,16.2950
0.1968,16.2728
0.2084,16.1831
0.2200,15.9596
0.2316,15.6806
0.2431,15.4104
0.2547,15.3009
0.2663,15.3185
0.2779,15.3158
0.2895,15.3047
0.3010,15.2542
0.3126,15.1271
0.3242,14.9276
0.3358,14.6922
0.3473,14.4436
0.3589,14.1918
0.3705,13.9420
0.3821,13.6990
0.3937,13.4729
0.4052,13.3003
0.4168,13.2632
0.4284,13.3277
0.4400,13.4227
0.4516,13.5262
0.4631,13.6269
0.4747,13.7067
0.4863,13.7198
0.4979,13.6253
0.5094,13.4671
0.5210,13.2888
0.5326,13.1063
0.5442,12.9268
0.5558,12.7566
0.5673,12.6107
0.5789,12.5411
0.5856,12.5441
0.5923,12.5529
0.5990,12.5679
0.6057,12.5894
0.6123,12.6176
0.6190,12.6529
0.6257,12.6951
0.6324,12.7439
0.6391,12.7987
0.6458,12.8584
0.6524,12.9219
0.6591,12.9879
0.6658,13.0548
0.6725,13.1208
0.6792,13.1831
0.6859,13.2363
0.6926,13.2635
0.6992,13.2123
0.7059,13.0612
0.7126,12.9120
0.7193,12.7860
0.7260,12.6924
0.7327,12.6676
0.7393,12.6746
0.7460,12.5677
0.7527,12.4417
0.7594,12.3119
0.7661,12.1826
0.7728,12.0559
0.7795,11.9332
0.7861,11.8159
0.7928,11.7063
0.7995,11.6083
0.8062,11.5302
0.8129,11.4862
0.8196,11.4816
0.8262,11.4998
0.8329,11.5273
0.8396,11.5576
0.8463,11.5870
0.8530,11.6108
0.8597,11.6252
0.8664,11.6332
0.8730,11.6421
0.8797,11.6563
0.8864,11.6700
0.8931,11.5953
0.8998,11.5235
0.9065,11.4634
0.9131,11.4365
0.9265,11.5148
0.9399,11.5697
0.9533,11.4332
0.9666,11.3738
0.9800,11.4249
0.9934,11.5354
1.0067,11.6692
1.0201,11.8120
1.0335,11.9497
1.0468,11.9687
1.0602,11.8340
1.0736,11.8454
1.0870,12.0052
1.1003,12.1936
1.1137,12.3929
1.1271,12.6000
1.1404,12.8133
1.1538,12.9391
1.1672,13.0607
1.1805,13.1105
1.1939,13.2245
1.2073,13.3359
1.2206,13.4475
1.2340,13.5735
1.2474,13.7268
1.2608,13.9104
1.2741,14.1198
1.2875,14.3754
1.3009,14.6634
1.3142,14.9542
1.3276,15.2296
1.3410,15.5209
1.3543,15.8058
1.3677,16.0716
1.3811,16.3730
1.3944,16.6643
1.4078,16.8115
1.4212,16.9760
1.4346,17.1980
1.4479,17.4626
1.4613,17.7511
1.4747,18.0515
1.4880,18.2594
1.5014,18.1742
1.5148,18.4012
1.5281,18.3974
1.5415,18.2599
1.5549,18.1008
1.5682,17.9257
1.5816,17.7638
0.0000,19.1617
0.0116,19.1532
0.0232,19.1172
0.0347,19.0138
0.0463,18.8117
0.0579,18.5470
0.0695,18.4958
0.0810,18.5264
0.0926,18.4658
0.1042,18.4888
0.1158,18.1264
0.1274,17.7665
0.1389,17.4105
0.1505,17.1156
0.1621,16.9641
0.1737,16.8712
0.1853,16.7433
0.1968,16.5236
0.2084,16.2485
0.2200,15.9706
0.2316,15.6974
0.2431,15.4523
0.2547,15.3427
0.2663,15.4121
0.2779,15.5260
0.2895,15.6300
0.3010,15.6371
0.3126,15.4267
0.3242,15.1779
0.3358,14.9273
0.3473,14.6814
0.3589,14.4447
0.3705,14.2229
0.3821,14.0265
0.3937,13.8760
0.4052,13.7994
0.4168,13.8007
0.4284,13.8495
0.4400,13.9155
0.4516,13.9773
0.4631,14.0170
0.4747,14.0182
0.4863,13.9742
0.4979,13.8943
0.5094,13.7950
0.5210,13.6905
0.5326,13.5909
0.5442,13.5038
0.5558,13.4355
0.5673,13.3917
0.5789,13.3765
0.5856,13.3768
0.5923,13.3776
0.5990,13.3790
0.6057,13.3809
0.6123,13.3834
0.6190,13.3864
0.6257,13.3899
0.6324,13.3939
0.6391,13.3985
0.6458,13.4035
0.6524,13.4089
0.6591,13.4145
0.6658,13.4201
0.6725,13.4250
0.6792,13.4273
0.6859,13.4178
0.6926,13.3478
0.6992,13.2204
0.7059,13.1030
0.7126,12.9601
0.7193,12.8148
0.7260,12.7377
0.7327,12.7270
0.7393,12.6889
0.7460,12.7166
0.7527,12.7439
0.7594,12.7595
0.7661,12.7117
0.7728,12.6009
0.7795,12.4835
0.7861,12.3738
0.7928,12.2776
0.7995,12.1987
0.8062,12.1387
0.8129,12.0958
0.8196,12.0659
0.8262,12.0443
0.8329,12.0263
0.8396,11.9929
0.8463,11.9205
0.8530,11.8722
0.8597,11.8545
0.8664,11.8656
0.8730,11.8102
0.8797,11.7428
0.8864,11.6751
0.8931,11.6993
0.8998,11.7244
0.9065,11.7454
0.9131,11.7546
0.9265,11.7018
0.9399,11.6453
0.9533,11.7875
0.9666,11.9356
0.9800,12.0862
0.9934,12.2257
1.0067,12.2846
1.0201,12.2820
1.0335,12.2214
1.0468,12.1677
1.0602,12.2932
1.0736,12.4366
1.0870,12.5364
1.1003,12.6094
1.1137,12.6830
1.1271,12.7595
1.1404,12.8431
1.1538,13.0197
1.1672,13.0799
1.1805,13.2471
1.1939,13.4793
1.2073,13.7249
1.2206,13.9779
1.2340,14.2366
1.2474,14.5002
1.2608,14.7681
1.2741,15.0387
1.2875,15.3078
1.3009,15.5450
1.3142,15.4714
1.3276,15.3847
1.3410,15.5810
1.3543,15.8274
1.3677,16.1348
1.3811,16.4300
1.3944,16.6832
1.4078,16.9973
1.4212,17.3132
1.4346,17.6279
1.4479,17.9334
1.4613,18.1936
1.4747,18.2928
1.4880,18.3550
1.5014,18.6079
1.5148,18.5137
1.5281,18.6947
1.5415,18.9448
1.5549,19.0963
1.5682,19.1500
1.5816,19.1617
0.0000,19.1617
0.0116,19.1532
0.0232,19.1172
0.0347,19.0138
0.0463,18.8117
0.0579,18.5470
0.0695,18.4958
0.0810,18.5264
0.0926,18.4658
0.1042,18.4888
0.1158,18.1264
0.1274,17.7665
0.1389,17.4105
0.1505,17.1156
0.1621,16.9641
0.1737,16.8712
0.1853,16.7433
0.1968,16.5236
0.2084,16.2485
0.2200,15.9706
0.2316,15.6974
0.2431,15.4523
0.2547,15.3427
0.2663,15.4121
0.2779,15.5260
0.2895,15.6300
0.3010,15.6371
0.3126,15.4267
0.3242,15.1779
0.3358,14.9273
0.3473,14.6814
0.3589,14.4447
0.3705,14.2229
0.3821,14.0265
0.3937,13.8760
0.4052,13.7994
0.4168,13.8007
0.4284,13.8495
0.4400,13.9155
0.4516,13.9773
0.4631,14.0170
0.4747,14.0182
0.4863,13.9742
0.4979,13.8943
0.5094,13.7950
0.5210,13.6905
0.5326,13.5909
0.5442,13.5038
0.5558,13.4355
0.5673,13.3917
0.5789,13.3765
0.5856,13.3768
0.5923,13.3776
0.5990,13.3790
0.6057,13.3809
0.6123,13.3834
0.6190,13.3864
0.6257,13.3899
0.6324,13.3940
0.6391,13.3985
0.6458,13.4035
0.6524,13.4089
0.6591,13.4146
0.6658,13.4202
0.6725,13.4252
0.6792,13.4278
0.6859,13.4191
0.6926,13.3503
0.6992,13.2204
0.7059,13.1030
0.7126,12.9602
0.7193,12.8148
0.7260,12.7391
0.7327,12.7272
0.7393,12.6889
0.7460,12.7166
0.7527,12.7439
0.7594,12.7596
0.7661,12.7117
0.7728,12.6009
0.7795,12.4835
0.7861,12.3738
0.7928,12.2776
0.7995,12.1987
0.8062,12.1387
0.8129,12.0958
0.8196,12.0659
0.8262,12.0443
0.8329,12.0264
0.8396,12.0032
0.8463,11.9319
0.8530,11.8842
0.8597,11.8661
0.8664,11.8692
0.8730,11.8102
0.8797,11.7428
0.8864,11.6764
0.8931,11.7004
0.8998,11.7251
0.9065,11.7456
0.9131,11.7547
0.9265,11.7031
0.9399,11.6453
0.9533,11.7875
0.9666,11.9356
0.9800,12.0862
0.9934,12.2257
1.0067,12.2847
1.0201,12.2821
1.0335,12.2228
1.0468,12.1684
1.0602,12.2960
1.0736,12.4399
1.0870,12.5364
1.1003,12.6094
1.1137,12.6830
1.1271,12.7595
1.1404,12.8431
1.1538,13.0207
1.1672,13.0808
1.1805,13.2472
1.1939,13.4793
1.2073,13.7250
1.2206,13.9779
1.2340,14.2366
1.2474,14.5003
1.2608,14.7681
1.2741,15.0388
1.2875,15.3078
1.3009,15.5455
1.3142,15.4715
1.3276,15.3848
1.3410,15.5811
1.3543,15.8275
1.3677,16.1349
1.3811,16.4301
1.3944,16.6832
1.4078,16.9973
1.4212,17.3132
1.4346,17.6279
1.4479,17.9334
1.4613,18.1936
1.4747,18.2928
1.4880,18.3552
1.5014,18.6079
1.5148,18.5137
1.5281,18.6949
1.5415,18.9450
1.5549,19.0964
1.5682,19.1500
1.5816,19.1617
0.0000,19.3266
0.0116,19.3424
0.0232,19.3902
0.0347,19.3966
0.0463,19.3301
0.0579,19.3009
0.0695,19.1870
0.0810,19.0538
0.0926,18.8499
0.1042,18.5406
0.1158,18.6455
0.1274,18.5107
0.1389,18.3081
0.1505,17.9998
0.1621,17.6936
0.1737,17.4111
0.1853,17.1175
0.1968,16.8480
0.2084,16.6682
0.2200,16.6102
0.2316,16.5997
0.2431,16.5804
0.2547,16.5207
0.2663,16.3953
0.2779,16.2054
0.2895,15.9854
0.3010,15.8218
0.3126,15.7076
0.3242,15.6656
0.3358,15.6579
0.3473,15.6589
0.3589,15.6544
0.3705,15.6332
0.3821,15.5839
0.3937,15.4964
0.4052,15.3684
0.4168,15.2073
0.4284,15.0250
0.4400,14.8318
0.4516,14.6363
0.4631,14.4479
0.4747,14.2848
0.4863,14.1930
0.4979,14.2133
0.5094,14.3011
0.5210,14.4120
0.5326,14.5281
0.5442,14.6393
0.5558,14.7359
0.5673,14.8043
0.5789,14.8297
0.5856,14.8300
0.5923,14.8307
0.5990,14.8313
0.6057,14.8308
0.6123,14.8275
0.6190,14.8181
0.6257,14.7970
0.6324,14.7552
0.6391,14.6274
0.6458,14.4793
0.6524,14.3280
0.6591,14.1748
0.6658,14.0205
0.6725,13.8661
0.6792,13.7135
0.6859,13.5717
0.6926,13.4881
0.6992,13.4672
0.7059,13.4309
0.7126,13.3284
0.7193,13.1945
0.7260,13.0600
0.7327,12.9428
0.7393,12.8805
0.7460,12.8798
0.7527,12.9021
0.7594,12.9198
0.7661,12.8681
0.7728,12.8856
0.7795,12.9187
0.7861,12.8965
0.7928,12.7775
0.7995,12.6533
0.8062,12.5298
0.8129,12.4093
0.8196,12.2933
0.8262,12.1835
0.8329,12.0822
0.8396,12.0080
0.8463,11.9858
0.8530,11.9566
0.8597,11.9181
0.8664,11.8696
0.8730,11.8975
0.8797,11.9406
0.8864,11.9904
0.8931,12.0445
0.8998,12.1009
0.9065,12.1557
0.9131,12.1865
0.9265,12.1586
0.9399,12.2087
0.9533,12.3065
0.9666,12.4241
0.9800,12.4721
0.9934,12.4229
1.0067,12.4773
1.0201,12.3984
1.0335,12.2970
1.0468,12.3373
1.0602,12.3958
1.0736,12.4642
1.0870,12.5761
1.1003,12.7054
1.1137,12.8195
1.1271,12.9144
1.1404,12.9889
1.1538,13.0577
1.1672,13.2642
1.1805,13.4958
1.1939,13.7338
1.2073,13.9775
1.2206,14.2260
1.2340,14.4312
1.2474,14.6483
1.2608,14.8664
1.2741,15.0939
1.2875,15.3377
1.3009,15.5682
1.3142,15.7866
1.3276,15.7804
1.3410,15.7284
1.3543,15.8831
1.3677,16.1943
1.3811,16.5102
1.3944,16.8314
1.4078,17.1599
1.4212,17.4961
1.4346,17.8389
1.4479,18.1547
1.4613,18.3667
1.4747,18.5542
1.4880,18.6502
1.5014,18.6537
1.5148,18.9365
1.5281,19.1841
1.5415,19.3513
1.5549,19.4114
1.5682,19.3477
1.5816,19.3266
0.0000,19.3266
0.0116,19.3424
0.0232,19.3902
0.0347,19.3966
0.0463,19.3301
0.0579,19.3009
0.0695,19.1870
0.0810,19.0538
0.0926,18.8499
0.1042,18.5406
0.1158,18.6455
0.1274,18.5107
0.1389,18.3081
0.1505,17.9998
0.1621,17.6936
0.1737,17.4111
0.1853,17.1175
0.1968,16.8480
0.2084,16.6682
0.2200,16.6102
0.2316,16.5997
0.2431,16.5804
0.2547,16.5207
0.2663,16.3953
0.2779,16.2054
0.2895,15.9854
0.3010,15.8218
0.3126,15.7076
0.3242,15.6656
0.3358,15.6579
0.3473,15.6589
0.3589,15.6544
0.3705,15.6332
0.3821,15.5839
0.3937,15.4964
0.4052,15.3684
0.4168,15.2073
0.4284,15.0250
0.4400,14.8318
0.4516,14.6363
0.4631,14.4479
0.4747,14.2848
0.4863,14.1930
0.4979,14.2133
0.5094,14.3011
0.5210,14.4120
0.5326,14.5281
0.5442,14.6393
0.5558,14.7359
0.5673,14.8043
0.5789,14.8297
0.5856,14.8300
0.5923,14.8307
0.5990,14.8313
0.6057,14.8308
0.6123,14.8275
0.6190,14.8182
0.6257,14.7970
0.6324,14.7552
0.6391,14.6276
0.6458,14.4794
0.6524,14.3285
0.6591,14.1755
0.6658,14.0215
0.6725,13.8672
0.6792,13.7145
0.6859,13.5723
0.6926,13.4886
0.6992,13.4673
0.7059,13.4325
0.7126,13.3316
0.7193,13.1984
0.7260,13.0648
0.7327,12.9485
0.7393,12.8859
0.7460,12.8838
0.7527,12.9052
0.7594,12.9198
0.7661,12.8681
0.7728,12.8856
0.7795,12.9187
0.7861,12.8989
0.7928,12.7815
0.7995,12.6583
0.8062,12.5356
0.8129,12.4159
0.8196,12.3007
0.8262,12.1917
0.8329,12.0915
0.8396,12.0081
0.8463,11.9858
0.8530,11.9566
0.8597,11.9182
0.8664,11.8763
0.8730,11.9064
0.8797,11.9484
0.8864,11.9974
0.8931,12.0506
0.8998,12.1058
0.9065,12.1584
0.9131,12.1873
0.9265,12.1614
0.9399,12.2108
0.9533,12.3078
0.9666,12.4247
0.9800,12.4721
0.9934,12.4230
1.0067,12.4773
1.0201,12.4016
1.0335,12.2970
1.0468,12.3373
1.0602,12.3958
1.0736,12.4642
1.0870,12.5796
1.1003,12.7088
1.1137,12.8227
1.1271,12.9173
1.1404,12.9911
1.1538,13.0580
1.1672,13.2646
1.1805,13.4962
1.1939,13.7341
1.2073,13.9778
1.2206,14.2261
1.2340,14.4314
1.2474,14.6485
1.2608,14.8665
1.2741,15.0940
1.2875,15.3377
1.3009,15.5682
1.3142,15.7866
1.3276,15.7804
1.3410,15.7285
1.3543,15.8832
1.3677,16.1945
1.3811,16.5104
1.3944,16.8316
1.4078,17.1601
1.4212,17.4962
1.4346,17.8389
1.4479,18.1547
1.4613,18.3668
1.4747,18.5543
1.4880,18.6502
1.5014,18.6539
1.5148,18.9369
1.5281,19.1848
1.5415,19.3519
1.5549,19.4114
1.5682,19.3477
1.5816,19.3266
0.0000,19.7036
0.0116,19.6515
0.0232,19.5230
0.0347,19.4693
0.0463,19.4354
0.0579,19.3154
0.0695,19.2758
0.0810,19.1744
0.0926,18.9180
0.1042,18.7816
0.1158,18.6891
0.1274,18.5944
0.1389,18.3617
0.1505,18.0493
0.1621,17.7329
0.1737,17.4195
0.1853,17.1970
0.1968,17.0870
0.2084,17.0365
0.2200,16.9986
0.2316,16.9466
0.2431,16.8529
0.2547,16.6937
0.2663,16.4797
0.2779,16.2433
0.2895,16.0129
0.3010,15.8438
0.3126,15.9104
0.3242,16.0073
0.3358,16.0904
0.3473,16.1346
0.3589,16.1218
0.3705,16.0609
0.3821,15.9667
0.3937,15.8461
0.4052,15.7037
0.4168,15.5471
0.4284,15.3861
0.4400,15.2312
0.4516,15.0941
0.4631,14.9892
0.4747,14.9312
0.4863,14.9257
0.4979,14.9625
0.5094,15.0239
0.5210,15.0938
0.5326,15.1600
0.5442,15.2143
0.5558,15.2524
0.5673,15.2741
0.5789,15.2810
0.5856,15.2775
0.5923,15.2659
0.5990,15.2421
0.6057,15.1984
0.6123,15.1271
0.6190,15.0271
0.6257,14.9055
0.6324,14.7705
0.6391,14.6835
0.6458,14.5793
0.6524,14.4495
0.6591,14.3039
0.6658,14.1498
0.6725,13.9922
0.6792,13.8351
0.6859,13.6844
0.6926,13.5566
0.6992,13.4950
0.7059,13.5017
0.7126,13.5236
0.7193,13.5301
0.7260,13.4977
0.7327,13.4159
0.7393,13.3006
0.7460,13.1710
0.7527,13.0389
0.7594,12.9318
0.7661,12.9633
0.7728,12.9898
0.7795,12.9825
0.7861,12.9562
0.7928,12.9959
0.7995,13.0368
0.8062,13.0781
0.8129,13.1182
0.8196,13.1512
0.8262,13.1530
0.8329,13.0943
0.8396,13.0115
0.8463,12.9295
0.8530,12.8561
0.8597,12.7946
0.8664,12.7464
0.8730,12.7114
0.8797,12.6881
0.8864,12.6261
0.8931,12.5146
0.8998,12.4111
0.9065,12.3229
0.9131,12.2780
0.9265,12.3749
0.9399,12.5087
0.9533,12.6002
0.9666,12.5402
0.9800,12.5488
0.9934,12.6479
1.0067,12.5731
1.0201,12.6283
1.0335,12.8010
1.0468,12.9825
1.0602,13.1702
1.0736,13.3628
1.0870,13.5582
1.1003,13.7478
1.1137,13.8828
1.1271,13.8632
1.1404,13.8254
1.1538,13.8063
1.1672,13.8144
1.1805,13.8574
1.1939,13.9424
1.2073,14.0706
1.2206,14.2370
1.2340,14.4719
1.2474,14.6574
1.2608,14.8816
1.2741,15.1266
1.2875,15.3759
1.3009,15.5928
1.3142,15.8266
1.3276,16.0835
1.3410,16.3370
1.3543,16.5793
1.3677,16.8009
1.3811,16.8956
1.3944,17.0061
1.4078,17.2532
1.4212,17.5654
1.4346,17.8927
1.4479,18.1876
1.4613,18.5417
1.4747,18.8998
1.4880,19.2523
1.5014,19.3799
1.5148,19.3730
1.5281,19.3837
1.5415,19.4648
1.5549,19.4844
1.5682,19.6356
1.5816,19.7036
0.0000,19.7036
0.0116,19.6515
0.0232,19.5230
0.0347,19.4693
0.0463,19.4354
0.0579,19.3154
0.0695,19.2758
0.0810,19.1744
0.0926,18.9180
0.1042,18.7816
0.1158,18.6891
0.1274,18.5944
0.1389,18.3617
0.1505,18.0493
0.1621,17.7329
0.1737,17.4195
0.1853,17.1970
0.1968,17.0870
0.2084,17.0365
0.2200,16.9986
0.2316,16.9466
0.2431,16.8529
0.2547,16.6937
0.2663,16.4797
0.2779,16.2433
0.2895,16.0129
0.3010,15.8438
0.3126,15.9104
0.3242,16.0073
0.3358,16.0904
0.3473,16.1346
0.3589,16.1218
0.3705,16.0609
0.3821,15.9668
0.3937,15.8461
0.4052,15.7037
0.4168,15.5471
0.4284,15.3861
0.4400,15.2312
0.4516,15.0941
0.4631,14.9892
0.4747,14.9312
0.4863,14.9257
0.4979,14.9625
0.5094,15.0239
0.5210,15.0938
0.5326,15.1600
0.5442,15.2143
0.5558,15.2524
0.5673,15.2741
0.5789,15.2810
0.5856,15.2778
0.5923,15.2666
0.5990,15.2431
0.6057,15.1997
0.6123,15.1285
0.6190,15.0285
0.6257,14.9066
0.6324,14.7711
0.6391,14.6835
0.6458,14.5793
0.6524,14.4495
0.6591,14.3039
0.6658,14.1498
0.6725,13.9922
0.6792,13.8351
0.6859,13.6844
0.6926,13.5567
0.6992,13.4951
0.7059,13.5017
0.7126,13.5236
0.7193,13.5301
0.7260,13.4977
0.7327,13.4159
0.7393,13.3007
0.7460,13.1710
0.7527,13.0389
0.7594,12.9343
0.7661,12.9651
0.7728,12.9906
0.7795,12.9826
0.7861,12.9562
0.7928,12.9959
0.7995,13.0368
0.8062,13.0782
0.8129,13.1182
0.8196,13.1512
0.8262,13.1530
0.8329,13.0943
0.8396,13.0115
0.8463,12.9295
0.8530,12.8561
0.8597,12.7946
0.8664,12.7464
0.8730,12.7114
0.8797,12.6881
0.8864,12.6330
0.8931,12.5223
0.8998,12.4202
0.9065,12.3344
0.9131,12.2932
0.9265,12.3855
0.9399,12.5182
0.9533,12.6003
0.9666,12.5402
0.9800,12.5489
0.9934,12.6485
1.0067,12.5767
1.0201,12.6283
1.0335,12.8010
1.0468,12.9825
1.0602,13.1702
1.0736,13.3628
1.0870,13.5582
1.1003,13.7478
1.1137,13.8828
1.1271,13.8633
1.1404,13.8257
1.1538,13.8067
1.1672,13.8146
1.1805,13.8575
1.1939,13.9424
1.2073,14.0706
1.2206,14.2373
1.2340,14.4719
1.2474,14.6574
1.2608,14.8818
1.2741,15.1267
1.2875,15.3759
1.3009,15.5928
1.3142,15.8266
1.3276,16.0835
1.3410,16.3370
1.3543,16.5793
1.3677,16.8009
1.3811,16.8963
1.3944,17.0066
1.4078,17.2533
1.4212,17.5655
1.4346,17.8927
1.4479,18.1877
1.4613,18.5417
1.4747,18.8999
1.4880,19.2523
1.5014,19.3802
1.5148,19.3735
1.5281,19.3844
1.5415,19.4655
1.5549,19.4847
1.5682,19.6357
1.5816,19.7036
0.0000,19.7064
0.0116,19.6850
0.0232,19.6280
0.0347,19.5419
0.0463,19.5733
0.0579,19.6630
0.0695,19.5302
0.0810,19.2498
0.0926,19.0232
0.1042,18.9082
0.1158,18.8046
0.1274,18.6597
0.1389,18.3779
0.1505,18.2475
0.1621,18.1199
0.1737,17.9955
0.1853,17.8745
0.1968,17.7571
0.2084,17.6435
0.2200,17.5339
0.2316,17.4284
0.2431,17.3272
0.2547,17.1320
0.2663,16.9661
0.2779,16.8542
0.2895,16.7731
0.3010,16.7043
0.3126,16.6411
0.3242,16.5849
0.3358,16.5441
0.3473,16.5362
0.3589,16.5687
0.3705,16.5346
0.3821,16.4870
0.3937,16.3696
0.4052,16.2840
0.4168,16.2217
0.4284,16.1380
0.4400,16.0663
0.4516,16.0044
0.4631,15.9508
0.4747,15.9052
0.4863,15.8678
0.4979,15.8398
0.5094,15.8233
0.5210,15.8210
0.5326,15.8361
0.5442,15.7896
0.5558,15.7265
0.5673,15.6776
0.5789,15.6586
0.5856,15.6587
0.5923,15.6586
0.5990,15.6574
0.6057,15.6513
0.6123,15.5773
0.6190,15.5228
0.6257,15.4559
0.6324,15.3462
0.6391,15.1886
0.6458,15.0170
0.6524,14.8433
0.6591,14.6703
0.6658,14.4990
0.6725,14.3302
0.6792,14.1641
0.6859,14.0017
0.6926,13.8444
0.6992,13.6970
0.7059,13.5827
0.7126,13.5411
0.7193,13.5376
0.7260,13.5428
0.7327,13.5497
0.7393,13.5544
0.7460,13.5499
0.7527,13.5199
0.7594,13.4439
0.7661,13.3345
0.7728,13.2191
0.7795,13.1357
0.7861,13.1326
0.7928,13.1655
0.7995,13.2076
0.8062,13.2538
0.8129,13.3025
0.8196,13.3532
0.8262,13.3092
0.8329,13.3151
0.8396,13.3529
0.8463,13.3582
0.8530,13.2342
0.8597,13.1095
0.8664,12.9854
0.8730,12.8628
0.8797,12.7427
0.8864,12.6741
0.8931,12.6671
0.8998,12.6645
0.9065,12.6643
0.9131,12.6647
0.9265,12.6604
0.9399,12.6409
0.9533,12.6447
0.9666,12.7706
0.9800,12.8510
0.9934,12.8330
1.0067,12.8944
1.0201,13.0375
1.0335,13.1977
1.0468,13.3669
1.0602,13.5435
1.0736,13.7267
1.0870,13.8599
1.1003,13.9148
1.1137,13.9081
1.1271,13.9425
1.1404,13.9795
1.1538,14.0070
1.1672,14.0320
1.1805,14.0642
1.1939,14.1156
1.2073,14.1976
1.2206,14.3167
1.2340,14.4811
1.2474,14.7399
1.2608,15.0026
1.2741,15.2662
1.2875,15.5167
1.3009,15.6907
1.3142,15.9360
1.3276,16.2025
1.3410,16.4625
1.3543,16.6883
1.3677,16.8306
1.3811,16.9981
1.3944,17.1853
1.4078,17.3904
1.4212,17.6288
1.4346,17.8981
1.4479,18.2406
1.4613,18.5895
1.4747,18.9430
1.4880,19.2636
1.5014,19.4870
1.5148,19.6843
1.5281,19.6416
1.5415,19.5153
1.5549,19.5937
1.5682,19.6776
1.5816,19.7064
0.0000,19.7064
0.0116,19.6850
0.0232,19.6280
0.0347,19.5419
0.0463,19.5733
0.0579,19.6630
0.0695,19.5302
0.0810,19.2498
0.0926,19.0232
0.1042,18.9082
0.1158,18.8046
0.1274,18.6597
0.1389,18.3779
0.1505,18.2475
0.1621,18.1199
0.1737,17.9955
0.1853,17.8745
0.1968,17.7571
0.2084,17.6435
0.2200,17.5339
0.2316,17.4284
0.2431,17.3272
0.2547,17.1320
0.2663,16.9661
0.2779,16.8542
0.2895,16.7731
0.3010,16.7043
0.3126,16.6411
0.3242,16.5849
0.3358,16.5441
0.3473,16.5362
0.3589,16.5687
0.3705,16.5346
0.3821,16.4871
0.3937,16.3696
0.4052,16.2840
0.4168,16.2217
0.4284,16.1380
0.4400,16.0663
0.4516,16.0044
0.4631,15.9508
0.4747,15.9052
0.4863,15.8678
0.4979,15.8398
0.5094,15.8233
0.5210,15.8210
0.5326,15.8361
0.5442,15.7896
0.5558,15.7265
0.5673,15.6776
0.5789,15.6586
0.5856,15.6587
0.5923,15.6586
0.5990,15.6574
0.6057,15.6517
0.6123,15.5773
0.6190,15.5228
0.6257,15.4559
0.6324,15.3463
0.6391,15.1888
0.6458,15.0171
0.6524,14.8434
0.6591,14.6705
0.6658,14.4994
0.6725,14.3307
0.6792,14.1650
0.6859,14.0028
0.6926,13.8456
0.6992,13.6982
0.7059,13.5830
0.7126,13.5417
0.7193,13.5381
0.7260,13.5431
0.7327,13.5499
0.7393,13.5546
0.7460,13.5508
0.7527,13.5223
0.7594,13.4481
0.7661,13.3400
0.7728,13.2259
0.7795,13.1435
0.7861,13.1384
0.7928,13.1701
0.7995,13.2117
0.8062,13.2575
0.8129,13.3060
0.8196,13.3566
0.8262,13.3093
0.8329,13.3151
0.8396,13.3529
0.8463,13.3626
0.8530,13.2390
0.8597,13.1147
0.8664,12.9909
0.8730,12.8687
0.8797,12.7491
0.8864,12.6742
0.8931,12.6671
0.8998,12.6645
0.9065,12.6644
0.9131,12.6647
0.9265,12.6604
0.9399,12.6409
0.9533,12.6542
0.9666,12.7807
0.9800,12.8621
0.9934,12.8411
1.0067,12.8967
1.0201,13.0384
1.0335,13.1981
1.0468,13.3672
1.0602,13.5436
1.0736,13.7267
1.0870,13.8599
1.1003,13.9148
1.1137,13.9088
1.1271,13.9425
1.1404,13.9795
1.1538,14.0070
1.1672,14.0320
1.1805,14.0642
1.1939,14.1156
1.2073,14.1977
1.2206,14.3167
1.2340,14.4815
1.2474,14.7403
1.2608,15.0029
1.2741,15.2665
1.2875,15.5168
1.3009,15.6915
1.3142,15.9367
1.3276,16.2032
1.3410,16.4632
1.3543,16.6888
1.3677,16.8308
1.3811,16.9981
1.3944,17.1853
1.4078,17.3904
1.4212,17.6288
1.4346,17.8981
1.4479,18.2406
1.4613,18.5895
1.4747,18.9431
1.4880,19.2636
1.5014,19.4870
1.5148,19.6843
1.5281,19.6416
1.5415,19.5154
1.5549,19.5939
1.5682,19.6776
1.5816,19.7064
0.0000,20.9248
0.0116,20.9049
0.0232,20.7623
0.0347,20.5520
0.0463,20.2927
0.0579,19.9703
0.0695,19.6203
0.0810,19.3300
0.0926,19.2346
0.1042,19.1188
0.1158,18.9229
0.1274,18.8323
0.1389,18.9581
0.1505,18.9183
0.1621,18.7749
0.1737,18.6301
0.1853,18.4759
0.1968,18.2988
0.2084,18.0876
0.2200,17.8476
0.2316,17.5957
0.2431,17.3500
0.2547,17.2306
0.2663,17.1384
0.2779,17.0509
0.2895,16.9683
0.3010,16.8906
0.3126,16.8179
0.3242,16.7505
0.3358,16.6883
0.3473,16.6316
0.3589,16.5804
0.3705,16.5997
0.3821,16.4946
0.3937,16.4349
0.4052,16.3207
0.4168,16.2258
0.4284,16.1851
0.4400,16.1539
0.4516,16.1267
0.4631,16.1001
0.4747,16.0720
0.4863,16.0408
0.4979,16.0049
0.5094,15.9626
0.5210,15.9124
0.5326,15.8540
0.5442,15.8702
0.5558,15.9196
0.5673,15.9702
0.5789,15.9940
0.5856,15.9499
0.5923,15.8544
0.5990,15.7482
0.6057,15.6527
0.6123,15.6316
0.6190,15.5660
0.6257,15.4639
0.6324,15.3490
0.6391,15.2609
0.6458,15.2040
0.6524,15.1651
0.6591,15.1251
0.6658,15.0613
0.6725,14.9616
0.6792,14.8335
0.6859,14.6902
0.6926,14.5406
0.6992,14.3900
0.7059,14.2429
0.7126,14.1055
0.7193,13.9892
0.7260,13.9123
0.7327,13.8836
0.7393,13.8866
0.7460,13.8705
0.7527,13.7714
0.7594,13.7222
0.7661,13.7115
0.7728,13.7179
0.7795,13.7311
0.7861,13.7473
0.7928,13.7521
0.7995,13.6622
0.8062,13.5638
0.8129,13.4630
0.8196,13.3692
0.8262,13.4057
0.8329,13.4598
0.8396,13.4784
0.8463,13.3999
0.8530,13.4508
0.8597,13.5040
0.8664,13.5590
0.8730,13.6154
0.8797,13.6729
0.8864,13.7312
0.8931,13.7895
0.8998,13.8460
0.9065,13.8953
0.9131,13.9186
0.9265,13.8505
0.9399,13.7577
0.9533,13.6199
0.9666,13.4205
0.9800,13.2755
0.9934,13.2692
1.0067,13.3682
1.0201,13.4953
1.0335,13.6243
1.0468,13.7438
1.0602,13.7838
1.0736,13.8189
1.0870,13.9162
1.1003,13.9436
1.1137,14.0302
1.1271,14.2235
1.1404,14.4386
1.1538,14.6623
1.1672,14.8919
1.1805,15.1264
1.1939,15.3649
1.2073,15.6058
1.2206,15.8452
1.2340,16.0752
1.2474,16.1388
1.2608,16.0530
1.2741,15.9336
1.2875,15.8298
1.3009,15.8935
1.3142,16.0378
1.3276,16.2451
1.3410,16.5251
1.3543,16.8190
1.3677,17.1188
1.3811,17.4217
1.3944,17.7256
1.4078,18.0253
1.4212,18.3033
1.4346,18.5090
1.4479,18.6313
1.4613,18.7789
1.4747,19.0331
1.4880,19.2990
1.5014,19.6522
1.5148,19.9969
1.5281,20.2588
1.5415,20.5284
1.5549,20.7288
1.5682,20.8939
1.5816,20.9248
0.0000,20.9248
0.0116,20.9049
0.0232,20.7623
0.0347,20.5520
0.0463,20.2927
0.0579,19.9703
0.0695,19.6203
0.0810,19.3300
0.0926,19.2346
0.1042,19.1188
0.1158,18.9229
0.1274,18.8323
0.1389,18.9581
0.1505,18.9183
0.1621,18.7749
0.1737,18.6301
0.1853,18.4759
0.1968,18.2988
0.2084,18.0876
0.2200,17.8476
0.2316,17.5957
0.2431,17.3500
0.2547,17.2306
0.2663,17.1384
0.2779,17.0509
0.2895,16.9683
0.3010,16.8906
0.3126,16.8179
0.3242,16.7505
0.3358,16.6883
0.3473,16.6316
0.3589,16.5804
0.3705,16.5997
0.3821,16.4946
0.3937,16.4349
0.4052,16.3207
0.4168,16.2258
0.4284,16.1851
0.4400,16.1539
0.4516,16.1267
0.4631,16.1001
0.4747,16.0720
0.4863,16.0408
0.4979,16.0049
0.5094,15.9626
0.5210,15.9124
0.5326,15.8540
0.5442,15.8702
0.5558,15.9196
0.5673,15.9702
0.5789,15.9940
0.5856,15.9510
0.5923,15.8557
0.5990,15.7491
0.6057,15.6528
0.6123,15.6316
0.6190,15.5660
0.6257,15.4639
0.6324,15.3491
0.6391,15.2609
0.6458,15.2040
0.6524,15.1651
0.6591,15.1251
0.6658,15.0613
0.6725,14.9616
0.6792,14.8335
0.6859,14.6902
0.6926,14.5406
0.6992,14.3900
0.7059,14.2429
0.7126,14.1055
0.7193,13.9892
0.7260,13.9124
0.7327,13.8837
0.7393,13.8867
0.7460,13.8725
0.7527,13.7725
0.7594,13.7223
0.7661,13.7121
0.7728,13.7185
0.7795,13.7317
0.7861,13.7477
0.7928,13.7521
0.7995,13.6622
0.8062,13.5638
0.8129,13.4630
0.8196,13.3692
0.8262,13.4089
0.8329,13.4627
0.8396,13.4811
0.8463,13.3999
0.8530,13.4508
0.8597,13.5040
0.8664,13.5590
0.8730,13.6154
0.8797,13.6729
0.8864,13.7312
0.8931,13.7895
0.8998,13.8460
0.9065,13.8953
0.9131,13.9187
0.9265,13.8505
0.9399,13.7577
0.9533,13.6215
0.9666,13.4209
0.9800,13.2761
0.9934,13.2704
1.0067,13.3713
1.0201,13.4994
1.0335,13.6287
1.0468,13.7484
1.0602,13.7838
1.0736,13.8189
1.0870,13.9163
1.1003,13.9453
1.1137,14.0303
1.1271,14.2235
1.1404,14.4386
1.1538,14.6623
1.1672,14.8919
1.1805,15.1265
1.1939,15.3650
1.2073,15.6058
1.2206,15.8452
1.2340,16.0752
1.2474,16.1393
1.2608,16.0533
1.2741,15.9337
1.2875,15.8298
1.3009,15.8938
1.3142,16.0379
1.3276,16.2451
1.3410,16.5251
1.3543,16.8190
1.3677,17.1188
1.3811,17.4218
1.3944,17.7256
1.4078,18.0254
1.4212,18.3033
1.4346,18.5090
1.4479,18.6313
1.4613,18.7789
1.4747,19.0331
1.4880,19.2990
1.5014,19.6523
1.5148,19.9969
1.5281,20.2588
1.5415,20.5285
1.5549,20.7289
1.5682,20.8941
1.5816,20.9248
0.0000,21.0937
0.0116,21.0629
0.0232,20.9334
0.0347,20.6349
0.0463,20.3077
0.0579,20.0098
0.0695,19.9372
0.0810,19.8978
0.0926,19.7167
0.1042,19.5080
0.1158,19.3006
0.1274,19.2143
0.1389,19.0641
0.1505,19.0468
0.1621,19.0765
0.1737,19.0257
0.1853,18.7670
0.1968,18.4854
0.2084,18.2004
0.2200,17.9236
0.2316,17.6694
0.2431,17.4617
0.2547,17.3231
0.2663,17.2439
0.2779,17.1958
0.2895,17.1601
0.3010,17.1276
0.3126,17.0926
0.3242,17.0496
0.3358,16.9897
0.3473,16.9002
0.3589,16.7751
0.3705,16.6290
0.3821,16.5484
0.3937,16.4600
0.4052,16.4309
0.4168,16.4072
0.4284,16.3887
0.4400,16.3750
0.4516,16.3658
0.4631,16.3605
0.4747,16.3585
0.4863,16.3592
0.4979,16.3618
0.5094,16.3657
0.5210,16.3701
0.5326,16.3745
0.5442,16.3783
0.5558,16.3813
0.5673,16.3832
0.5789,16.3838
0.5856,16.3970
0.5923,16.3143
0.5990,16.1497
0.6057,15.9903
0.6123,15.8506
0.6190,15.7646
0.6257,15.6515
0.6324,15.5752
0.6391,15.5538
0.6458,15.5503
0.6524,15.5525
0.6591,15.5534
0.6658,15.5033
0.6725,15.4704
0.6792,15.3597
0.6859,15.2128
0.6926,15.0584
0.6992,14.9020
0.7059,14.7457
0.7126,14.5905
0.7193,14.4372
0.7260,14.2864
0.7327,14.1394
0.7393,13.9987
0.7460,13.9019
0.7527,13.9185
0.7594,13.9299
0.7661,13.9310
0.7728,13.9169
0.7795,13.8830
0.7861,13.8274
0.7928,13.7641
0.7995,13.7793
0.8062,13.7888
0.8129,13.7857
0.8196,13.7567
0.8262,13.6906
0.8329,13.5937
0.8396,13.5171
0.8463,13.5734
0.8530,13.6320
0.8597,13.6921
0.8664,13.7534
0.8730,13.8160
0.8797,13.8795
0.8864,13.9439
0.8931,14.0085
0.8998,14.0720
0.9065,14.1044
0.9131,14.0794
0.9265,14.0383
0.9399,13.8333
0.9533,13.6892
0.9666,13.6514
0.9800,13.6402
0.9934,13.6482
1.0067,13.6677
1.0201,13.6934
1.0335,13.7218
1.0468,13.7519
1.0602,13.8452
1.0736,13.9174
1.0870,13.9508
1.1003,14.1119
1.1137,14.3134
1.1271,14.5208
1.1404,14.7339
1.1538,14.9524
1.1672,15.1761
1.1805,15.3694
1.1939,15.5297
1.2073,15.7096
1.2206,15.9069
1.2340,16.0849
1.2474,16.2923
1.2608,16.3179
1.2741,16.2314
1.2875,16.1332
1.3009,16.0465
1.3142,16.1429
1.3276,16.4190
1.3410,16.6991
1.3543,16.9772
1.3677,17.2548
1.3811,17.5428
1.3944,17.8450
1.4078,18.1582
1.4212,18.4789
1.4346,18.7584
1.4479,19.0280
1.4613,19.1987
1.4747,19.1897
1.4880,19.3555
1.5014,19.6556
1.5148,20.0212
1.5281,20.2973
1.5415,20.5655
1.5549,20.8728
1.5682,21.0549
1.5816,21.0937
0.0000,21.0937
0.0116,21.0629
0.0232,20.9334
0.0347,20.6349
0.0463,20.3077
0.0579,20.0098
0.0695,19.9372
0.0810,19.8978
0.0926,19.7167
0.1042,19.5080
0.1158,19.3006
0.1274,19.2143
0.1389,19.0641
0.1505,19.0468
0.1621,19.0765
0.1737,19.0257
0.1853,18.7670
0.1968,18.4854
0.2084,18.2004
0.2200,17.9236
0.2316,17.6694
0.2431,17.4617
0.2547,17.3231
0.2663,17.2439
0.2779,17.1958
0.2895,17.1601
0.3010,17.1276
0.3126,17.0926
0.3242,17.0496
0.3358,16.9897
0.3473,16.9002
0.3589,16.7751
0.3705,16.6290
0.3821,16.5484
0.3937,16.4600
0.4052,16.4309
0.4168,16.4072
0.4284,16.3887
0.4400,16.3750
0.4516,16.3658
0.4631,16.3605
0.4747,16.3585
0.4863,16.3592
0.4979,16.3618
0.5094,16.3657
0.5210,16.3701
0.5326,16.3745
0.5442,16.3783
0.5558,16.3813
0.5673,16.3832
0.5789,16.3838
0.5856,16.3980
0.5923,16.3143
0.5990,16.1497
0.6057,15.9903
0.6123,15.8506
0.6190,15.7646
0.6257,15.6517
0.6324,15.5752
0.6391,15.5538
0.6458,15.5503
0.6524,15.5525
0.6591,15.5534
0.6658,15.5033
0.6725,15.4704
0.6792,15.3602
0.6859,15.2136
0.6926,15.0594
0.6992,14.9032
0.7059,14.7471
0.7126,14.5922
0.7193,14.4391
0.7260,14.2885
0.7327,14.1417
0.7393,14.0010
0.7460,13.9020
0.7527,13.9185
0.7594,13.9299
0.7661,13.9311
0.7728,13.9169
0.7795,13.8830
0.7861,13.8274
0.7928,13.7643
0.7995,13.7793
0.8062,13.7893
0.8129,13.7869
0.8196,13.7590
0.8262,13.6942
0.8329,13.5983
0.8396,13.5222
0.8463,13.5771
0.8530,13.6355
0.8597,13.6955
0.8664,13.7569
0.8730,13.8194
0.8797,13.8831
0.8864,13.9475
0.8931,14.0123
0.8998,14.0760
0.9065,14.1045
0.9131,14.0794
0.9265,14.0417
0.9399,13.8357
0.9533,13.6893
0.9666,13.6514
0.9800,13.6403
0.9934,13.6482
1.0067,13.6678
1.0201,13.6934
1.0335,13.7219
1.0468,13.7521
1.0602,13.8494
1.0736,13.9211
1.0870,13.9536
1.1003,14.1120
1.1137,14.3136
1.1271,14.5210
1.1404,14.7341
1.1538,14.9526
1.1672,15.1763
1.1805,15.3694
1.1939,15.5297
1.2073,15.7097
1.2206,15.9070
1.2340,16.0852
1.2474,16.2923
1.2608,16.3179
1.2741,16.2314
1.2875,16.1333
1.3009,16.0466
1.3142,16.1433
1.3276,16.4195
1.3410,16.6998
1.3543,16.9780
1.3677,17.2557
1.3811,17.5435
1.3944,17.8455
1.4078,18.1586
1.4212,18.4792
1.4346,18.7585
1.4479,19.0280
1.4613,19.1987
1.4747,19.1897
1.4880,19.3555
1.5014,19.6556
1.5148,20.0213
1.5281,20.2973
1.5415,20.5656
1.5549,20.8728
1.5682,21.0558
1.5816,21.0937
0.0000,21.0954
0.0116,21.1084
0.0232,21.0601
0.0347,20.8375
0.0463,20.5363
0.0579,20.2920
0.0695,20.0866
0.0810,19.9424
0.0926,19.7645
0.1042,19.5398
0.1158,19.3716
0.1274,19.2233
0.1389,19.2293
0.1505,19.2494
0.1621,19.2079
0.1737,19.0440
0.1853,18.9688
0.1968,18.8199
0.2084,18.6523
0.2200,18.5315
0.2316,18.4453
0.2431,18.3800
0.2547,18.3188
0.2663,18.2119
0.2779,18.1081
0.2895,18.0074
0.3010,17.9103
0.3126,17.8167
0.3242,17.7269
0.3358,17.5215
0.3473,17.3053
0.3589,17.1085
0.3705,16.9676
0.3821,16.9505
0.3937,17.0308
0.4052,17.1409
0.4168,17.1474
0.4284,17.0928
0.4400,17.0423
0.4516,16.9957
0.4631,16.9532
0.4747,16.9147
0.4863,16.8802
0.4979,16.8498
0.5094,16.8235
0.5210,16.8011
0.5326,16.7487
0.5442,16.6510
0.5558,16.5366
0.5673,16.4473
0.5789,16.4108
0.5856,16.4347
0.5923,16.3999
0.5990,16.3282
0.6057,16.1529
0.6123,15.9727
0.6190,15.7989
0.6257,15.7371
0.6324,15.7304
0.6391,15.7264
0.6458,15.7110
0.6524,15.6594
0.6591,15.5746
0.6658,15.5402
0.6725,15.4803
0.6792,15.4716
0.6859,15.4935
0.6926,15.5272
0.6992,15.5671
0.7059,15.6077
0.7126,15.6385
0.7193,15.6246
0.7260,15.5339
0.7327,15.4084
0.7393,15.2749
0.7460,15.1417
0.7527,15.0127
0.7594,14.8913
0.7661,14.7813
0.7728,14.6872
0.7795,14.6133
0.7861,14.5616
0.7928,14.5302
0.7995,14.4390
0.8062,14.3136
0.8129,14.2040
0.8196,14.1232
0.8262,14.0824
0.8329,14.0752
0.8396,14.0879
0.8463,14.1111
0.8530,14.1400
0.8597,14.1723
0.8664,14.2064
0.8730,14.2410
0.8797,14.2746
0.8864,14.2792
0.8931,14.2184
0.8998,14.1577
0.9065,14.1298
0.9131,14.1605
0.9265,14.1578
0.9399,14.2888
0.9533,14.4316
0.9666,14.5812
0.9800,14.7362
0.9934,14.8955
1.0067,15.0555
1.0201,15.1922
1.0335,15.1868
1.0468,15.0698
1.0602,14.9547
1.0736,14.8632
1.0870,14.8111
1.1003,14.8051
1.1137,14.8395
1.1271,14.9038
1.1404,14.9911
1.1538,15.0990
1.1672,15.2273
1.1805,15.3749
1.1939,15.5417
1.2073,15.7233
1.2206,15.9127
1.2340,16.1191
1.2474,16.3071
1.2608,16.5143
1.2741,16.7283
1.2875,16.9328
1.3009,17.1174
1.3142,17.2699
1.3276,17.3850
1.3410,17.4731
1.3543,17.5184
1.3677,17.6026
1.3811,17.8071
1.3944,18.0217
1.4078,18.2557
1.4212,18.5008
1.4346,18.8039
1.4479,19.1250
1.4613,19.3873
1.4747,19.4402
1.4880,19.4337
1.5014,19.6971
1.5148,20.0282
1.5281,20.3969
1.5415,20.7694
1.5549,21.0478
1.5682,21.1155
1.5816,21.0954
0.0000,21.0954
0.0116,21.1084
0.0232,21.0601
0.0347,20.8375
0.0463,20.5363
0.0579,20.2920
0.0695,20.0866
0.0810,19.9424
0.0926,19.7645
0.1042,19.5398
0.1158,19.3716
0.1274,19.2233
0.1389,19.2293
0.1505,19.2494
0.1621,19.2079
0.1737,19.0440
0.1853,18.9688
0.1968,18.8199
0.2084,18.6523
0.2200,18.5315
0.2316,18.4453
0.2431,18.3800
0.2547,18.3188
0.2663,18.2119
0.2779,18.1081
0.2895,18.0074
0.3010,17.9103
0.3126,17.8167
0.3242,17.7269
0.3358,17.5215
0.3473,17.3053
0.3589,17.1085
0.3705,16.9676
0.3821,16.9505
0.3937,17.0308
0.4052,17.1409
0.4168,17.1474
0.4284,17.0928
0.4400,17.0423
0.4516,16.9957
0.4631,16.9532
0.4747,16.9147
0.4863,16.8802
0.4979,16.8498
0.5094,16.8235
0.5210,16.8011
0.5326,16.7487
0.5442,16.6510
0.5558,16.5366
0.5673,16.4473
0.5789,16.4108
0.5856,16.4352
0.5923,16.4003
0.5990,16.3284
0.6057,16.1532
0.6123,15.9730
0.6190,15.7991
0.6257,15.7371
0.6324,15.7304
0.6391,15.7264
0.6458,15.7110
0.6524,15.6594
0.6591,15.5746
0.6658,15.5402
0.6725,15.4805
0.6792,15.4716
0.6859,15.4935
0.6926,15.5273
0.6992,15.5671
0.7059,15.6077
0.7126,15.6385
0.7193,15.6246
0.7260,15.5339
0.7327,15.4084
0.7393,15.2749
0.7460,15.1417
0.7527,15.0127
0.7594,14.8913
0.7661,14.7813
0.7728,14.6872
0.7795,14.6134
0.7861,14.5617
0.7928,14.5303
0.7995,14.4414
0.8062,14.3158
0.8129,14.2056
0.8196,14.1240
0.8262,14.0826
0.8329,14.0758
0.8396,14.0886
0.8463,14.1118
0.8530,14.1406
0.8597,14.1728
0.8664,14.2067
0.8730,14.2412
0.8797,14.2746
0.8864,14.2792
0.8931,14.2184
0.8998,14.1577
0.9065,14.1343
0.9131,14.1657
0.9265,14.1578
0.9399,14.2888
0.9533,14.4316
0.9666,14.5812
0.9800,14.7363
0.9934,14.8955
1.0067,15.0555
1.0201,15.1922
1.0335,15.1876
1.0468,15.0698
1.0602,14.9551
1.0736,14.8636
1.0870,14.8113
1.1003,14.8053
1.1137,14.8400
1.1271,14.9044
1.1404,14.9916
1.1538,15.0993
1.1672,15.2275
1.1805,15.3751
1.1939,15.5418
1.2073,15.7233
1.2206,15.9128
1.2340,16.1191
1.2474,16.3071
1.2608,16.5143
1.2741,16.7283
1.2875,16.9328
1.3009,17.1174
1.3142,17.2700
1.3276,17.3851
1.3410,17.4731
1.3543,17.5199
1.3677,17.6035
1.3811,17.8074
1.3944,18.0217
1.4078,18.2557
1.4212,18.5008
1.4346,18.8041
1.4479,19.1251
1.4613,19.3873
1.4747,19.4404
1.4880,19.4341
1.5014,19.6971
1.5148,20.0282
1.5281,20.3969
1.5415,20.7694
1.5549,21.0484
1.5682,21.1162
1.5816,21.0954
0.0000,21.2203
0.0116,21.1450
0.0232,21.1420
0.0347,21.1646
0.0463,20.9862
0.0579,20.7933
0.0695,20.5887
0.0810,20.3729
0.0926,20.1116
0.1042,19.9107
0.1158,19.7922
0.1274,19.7354
0.1389,19.6993
0.1505,19.6152
0.1621,19.4818
0.1737,19.2679
0.1853,19.0331
0.1968,18.8714
0.2084,18.7638
0.2200,18.6522
0.2316,18.5398
0.2431,18.4283
0.2547,18.3222
0.2663,18.2600
0.2779,18.1872
0.2895,18.1040
0.3010,18.0112
0.3126,17.8992
0.3242,17.7336
0.3358,17.5991
0.3473,17.4447
0.3589,17.3417
0.3705,17.2840
0.3821,17.2562
0.3937,17.2471
0.4052,17.2060
0.4168,17.2342
0.4284,17.2269
0.4400,17.1831
0.4516,17.1375
0.4631,17.0939
0.4747,17.0530
0.4863,17.0145
0.4979,16.9769
0.5094,16.9352
0.5210,16.8425
0.5326,16.7715
0.5442,16.6728
0.5558,16.6183
0.5673,16.5859
0.5789,16.5752
0.5856,16.4738
0.5923,16.4644
0.5990,16.4087
0.6057,16.4091
0.6123,16.4119
0.6190,16.4154
0.6257,16.4048
0.6324,16.2434
0.6391,16.0899
0.6458,15.9576
0.6524,15.8760
0.6591,15.8523
0.6658,15.8072
0.6725,15.7197
0.6792,15.6958
0.6859,15.7011
0.6926,15.7170
0.6992,15.7375
0.7059,15.7603
0.7126,15.7840
0.7193,15.8063
0.7260,15.8208
0.7327,15.8044
0.7393,15.7164
0.7460,15.5843
0.7527,15.4403
0.7594,15.2932
0.7661,15.1459
0.7728,14.9994
0.7795,14.8545
0.7861,14.7120
0.7928,14.5729
0.7995,14.5145
0.8062,14.5091
0.8129,14.5096
0.8196,14.5125
0.8262,14.5154
0.8329,14.5161
0.8396,14.5128
0.8463,14.5038
0.8530,14.4876
0.8597,14.4631
0.8664,14.4295
0.8730,14.3869
0.8797,14.3362
0.8864,14.3044
0.8931,14.3265
0.8998,14.3340
0.9065,14.3211
0.9131,14.3044
0.9265,14.3917
0.9399,14.5323
0.9533,14.6819
0.9666,14.8359
0.9800,14.9922
0.9934,15.1461
1.0067,15.2687
1.0201,15.2735
1.0335,15.2136
1.0468,15.1769
1.0602,15.1292
1.0736,15.0806
1.0870,15.0373
1.1003,15.0058
1.1137,14.9926
1.1271,15.0047
1.1404,15.0477
1.1538,15.1241
1.1672,15.2326
1.1805,15.4053
1.1939,15.6383
1.2073,15.8747
1.2206,16.1101
1.2340,16.3224
1.2474,16.4725
1.2608,16.6692
1.2741,16.8963
1.2875,17.1295
1.3009,17.3496
1.3142,17.5157
1.3276,17.5683
1.3410,17.5367
1.3543,17.5578
1.3677,17.6663
1.3811,17.8199
1.3944,18.0760
1.4078,18.3712
1.4212,18.6775
1.4346,18.9878
1.4479,19.2961
1.4613,19.5518
1.4747,19.7758
1.4880,20.0237
1.5014,20.1053
1.5148,20.1004
1.5281,20.4324
1.5415,20.8046
1.5549,21.0945
1.5682,21.1216
1.5816,21.2203
0.0000,21.2203
0.0116,21.1450
0.0232,21.1420
0.0347,21.1646
0.0463,20.9862
0.0579,20.7933
0.0695,20.5887
0.0810,20.3729
0.0926,20.1116
0.1042,19.9107
0.1158,19.7922
0.1274,19.7354
0.1389,19.6993
0.1505,19.6152
0.1621,19.4818
0.1737,19.2679
0.1853,19.0331
0.1968,18.8714
0.2084,18.7638
0.2200,18.6522
0.2316,18.5398
0.2431,18.4283
0.2547,18.3222
0.2663,18.2600
0.2779,18.1872
0.2895,18.1040
0.3010,18.0112
0.3126,17.8992
0.3242,17.7336
0.3358,17.5991
0.3473,17.4447
0.3589,17.3417
0.3705,17.2840
0.3821,17.2562
0.3937,17.2471
0.4052,17.2060
0.4168,17.2342
0.4284,17.2269
0.4400,17.1831
0.4516,17.1375
0.4631,17.0939
0.4747,17.0530
0.4863,17.0145
0.4979,16.9769
0.5094,16.9352
0.5210,16.8425
0.5326,16.7715
0.5442,16.6728
0.5558,16.6183
0.5673,16.5859
0.5789,16.5752
0.5856,16.4738
0.5923,16.4651
0.5990,16.4087
0.6057,16.4092
0.6123,16.4121
0.6190,16.4157
0.6257,16.4048
0.6324,16.2434
0.6391,16.0899
0.6458,15.9576
0.6524,15.8760
0.6591,15.8523
0.6658,15.8072
0.6725,15.7198
0.6792,15.6958
0.6859,15.7012
0.6926,15.7171
0.6992,15.7376
0.7059,15.7605
0.7126,15.7843
0.7193,15.8067
0.7260,15.8217
0.7327,15.8057
0.7393,15.7182
0.7460,15.5863
0.7527,15.4423
0.7594,15.2954
0.7661,15.1481
0.7728,15.0017
0.7795,14.8570
0.7861,14.7145
0.7928,14.5755
0.7995,14.5146
0.8062,14.5092
0.8129,14.5096
0.8196,14.5126
0.8262,14.5154
0.8329,14.5161
0.8396,14.5128
0.8463,14.5038
0.8530,14.4877
0.8597,14.4631
0.8664,14.4295
0.8730,14.3869
0.8797,14.3362
0.8864,14.3047
0.8931,14.3270
0.8998,14.3347
0.9065,14.3217
0.9131,14.3045
0.9265,14.3933
0.9399,14.5343
0.9533,14.6839
0.9666,14.8379
0.9800,14.9942
0.9934,15.1483
1.0067,15.2713
1.0201,15.2752
1.0335,15.2137
1.0468,15.1769
1.0602,15.1293
1.0736,15.0806
1.0870,15.0374
1.1003,15.0058
1.1137,14.9927
1.1271,15.0048
1.1404,15.0478
1.1538,15.1242
1.1672,15.2327
1.1805,15.4057
1.1939,15.6386
1.2073,15.8749
1.2206,16.1102
1.2340,16.3228
1.2474,16.4733
1.2608,16.6699
1.2741,16.8970
1.2875,17.1302
1.3009,17.3504
1.3142,17.5161
1.3276,17.5690
1.3410,17.5381
1.3543,17.5579
1.3677,17.6663
1.3811,17.8199
1.3944,18.0761
1.4078,18.3712
1.4212,18.6776
1.4346,18.9879
1.4479,19.2964
1.4613,19.5518
1.4747,19.7758
1.4880,20.0237
1.5014,20.1054
1.5148,20.1004
1.5281,20.4324
1.5415,20.8047
1.5549,21.0949
1.5682,21.1216
1.5816,21.2203
0.0000,21.6641
0.0116,21.6133
0.0232,21.3199
0.0347,21.1745
0.0463,21.1125
0.0579,20.9225
0.0695,20.6553
0.0810,20.4336
0.0926,20.3656
0.1042,20.2325
0.1158,20.0805
0.1274,19.9268
0.1389,19.7716
0.1505,19.6300
0.1621,19.4861
0.1737,19.3988
0.1853,19.2589
0.1968,19.1230
0.2084,18.9911
0.2200,18.8633
0.2316,18.7396
0.2431,18.6200
0.2547,18.5044
0.2663,18.3931
0.2779,18.2858
0.2895,18.1828
0.3010,18.0839
0.3126,17.9892
0.3242,17.7909
0.3358,17.6408
0.3473,17.5586
0.3589,17.4802
0.3705,17.4057
0.3821,17.3352
0.3937,17.2686
0.4052,17.2497
0.4168,17.2592
0.4284,17.2705
0.4400,17.2318
0.4516,17.1897
0.4631,17.1520
0.4747,17.1189
0.4863,17.0902
0.4979,17.0538
0.5094,16.9477
0.5210,16.8731
0.5326,16.7829
0.5442,16.7687
0.5558,16.7585
0.5673,16.7525
0.5789,16.7504
0.5856,16.7670
0.5923,16.6487
0.5990,16.7080
0.6057,16.8131
0.6123,16.7281
0.6190,16.5681
0.6257,16.4193
0.6324,16.4227
0.6391,16.4033
0.6458,16.2589
0.6524,16.0993
0.6591,15.9445
0.6658,15.8557
0.6725,15.8694
0.6792,15.8882
0.6859,15.9097
0.6926,15.9311
0.6992,15.9462
0.7059,15.9361
0.7126,15.8790
0.7193,15.8234
0.7260,15.8294
0.7327,15.8654
0.7393,15.9087
0.7460,15.9538
0.7527,15.9990
0.7594,16.0440
0.7661,16.0887
0.7728,16.1297
0.7795,16.1699
0.7861,16.2110
0.7928,16.2523
0.7995,16.2922
0.8062,16.2871
0.8129,16.1817
0.8196,16.0693
0.8262,15.9600
0.8329,15.8559
0.8396,15.7585
0.8463,15.6693
0.8530,15.5897
0.8597,15.4964
0.8664,15.3671
0.8730,15.2410
0.8797,15.1198
0.8864,15.0060
0.8931,14.9042
0.8998,14.8222
0.9065,14.7704
0.9131,14.7542
0.9265,14.7979
0.9399,14.8881
0.9533,14.9954
0.9666,15.1085
0.9800,15.2188
0.9934,15.3153
1.0067,15.3239
1.0201,15.3292
1.0335,15.4454
1.0468,15.6175
1.0602,15.8015
1.0736,15.9921
1.0870,16.1876
1.1003,16.3871
1.1137,16.5892
1.1271,16.7910
1.1404,16.9858
1.1538,17.1153
1.1672,17.1058
1.1805,17.0171
1.1939,16.8916
1.2073,16.7560
1.2206,16.6283
1.2340,16.5573
1.2474,16.6096
1.2608,16.7319
1.2741,16.9676
1.2875,17.2263
1.3009,17.4918
1.3142,17.7589
1.3276,18.0236
1.3410,18.2805
1.3543,18.5195
1.3677,18.7213
1.3811,18.8626
1.3944,18.9443
1.4078,18.9987
1.4212,19.0722
1.4346,19.2170
1.4479,19.4377
1.4613,19.5955
1.4747,19.8588
1.4880,20.0995
1.5014,20.2891
1.5148,20.4536
1.5281,20.6514
1.5415,20.9292
1.5549,21.1811
1.5682,21.5486
1.5816,21.6641
0.0000,21.6641
0.0116,21.6133
0.0232,21.3199
0.0347,21.1745
0.0463,21.1125
0.0579,20.9225
0.0695,20.6553
0.0810,20.4336
0.0926,20.3656
0.1042,20.2325
0.1158,20.0805
0.1274,19.9268
0.1389,19.7716
0.1505,19.6300
0.1621,19.4861
0.1737,19.3988
0.1853,19.2589
0.1968,19.1230
0.2084,18.9911
0.2200,18.8633
0.2316,18.7396
0.2431,18.6200
0.2547,18.5044
0.2663,18.3931
0.2779,18.2858
0.2895,18.1828
0.3010,18.0839
0.3126,17.9892
0.3242,17.7909
0.3358,17.6408
0.3473,17.5586
0.3589,17.4802
0.3705,17.4057
0.3821,17.3352
0.3937,17.2686
0.4052,17.2497
0.4168,17.2592
0.4284,17.2705
0.4400,17.2318
0.4516,17.1897
0.4631,17.1520
0.4747,17.1189
0.4863,17.0902
0.4979,17.0538
0.5094,16.9477
0.5210,16.8731
0.5326,16.7829
0.5442,16.7687
0.5558,16.7585
0.5673,16.7525
0.5789,16.7504
0.5856,16.7673
0.5923,16.6497
0.5990,16.7104
0.6057,16.8155
0.6123,16.7281
0.6190,16.5681
0.6257,16.4197
0.6324,16.4230
0.6391,16.4033
0.6458,16.2593
0.6524,16.0995
0.6591,15.9446
0.6658,15.8557
0.6725,15.8694
0.6792,15.8882
0.6859,15.9097
0.6926,15.9311
0.6992,15.9462
0.7059,15.9361
0.7126,15.8790
0.7193,15.8235
0.7260,15.8295
0.7327,15.8654
0.7393,15.9087
0.7460,15.9538
0.7527,15.9990
0.7594,16.0440
0.7661,16.0888
0.7728,16.1302
0.7795,16.1704
0.7861,16.2116
0.7928,16.2530
0.7995,16.2931
0.8062,16.2871
0.8129,16.1817
0.8196,16.0693
0.8262,15.9600
0.8329,15.8559
0.8396,15.7585
0.8463,15.6693
0.8530,15.5897
0.8597,15.4978
0.8664,15.3684
0.8730,15.2422
0.8797,15.1207
0.8864,15.0066
0.8931,14.9044
0.8998,14.8224
0.9065,14.7711
0.9131,14.7549
0.9265,14.7983
0.9399,14.8882
0.9533,14.9958
0.9666,15.1093
0.9800,15.2199
0.9934,15.3163
1.0067,15.3239
1.0201,15.3293
1.0335,15.4455
1.0468,15.6175
1.0602,15.8015
1.0736,15.9921
1.0870,16.1876
1.1003,16.3872
1.1137,16.5893
1.1271,16.7910
1.1404,16.9859
1.1538,17.1158
1.1672,17.1062
1.1805,17.0174
1.1939,16.8919
1.2073,16.7562
1.2206,16.6285
1.2340,16.5577
1.2474,16.6097
1.2608,16.7320
1.2741,16.9676
1.2875,17.2263
1.3009,17.4919
1.3142,17.7589
1.3276,18.0236
1.3410,18.2805
1.3543,18.5196
1.3677,18.7213
1.3811,18.8626
1.3944,18.9444
1.4078,18.9987
1.4212,19.0723
1.4346,19.2170
1.4479,19.4377
1.4613,19.5959
1.4747,19.8594
1.4880,20.0996
1.5014,20.2892
1.5148,20.4537
1.5281,20.6514
1.5415,20.9294
1.5549,21.1811
1.5682,21.5487
1.5816,21.6641
0.0000,21.7792
0.0116,21.6282
0.0232,21.3767
0.0347,21.2376
0.0463,21.1369
0.0579,20.9591
0.0695,20.7858
0.0810,20.6177
0.0926,20.4560
0.1042,20.3022
0.1158,20.1565
0.1274,19.9975
0.1389,19.8421
0.1505,19.6904
0.1621,19.5427
0.1737,19.4147
0.1853,19.3212
0.1968,19.2089
0.2084,19.0961
0.2200,18.9805
0.2316,18.8740
0.2431,18.7808
0.2547,18.6819
0.2663,18.5828
0.2779,18.4776
0.2895,18.3538
0.3010,18.1934
0.3126,17.9974
0.3242,17.8987
0.3358,17.8124
0.3473,17.7249
0.3589,17.6441
0.3705,17.5687
0.3821,17.4981
0.3937,17.4329
0.4052,17.3759
0.4168,17.3298
0.4284,17.2786
0.4400,17.2784
0.4516,17.2765
0.4631,17.2582
0.4747,17.2165
0.4863,17.1473
0.4979,17.0658
0.5094,17.0455
0.5210,17.0292
0.5326,16.9724
0.5442,16.9416
0.5558,16.9245
0.5673,16.9153
0.5789,16.9124
0.5856,16.8417
0.5923,16.9568
0.5990,16.9775
0.6057,16.8753
0.6123,16.8874
0.6190,16.8591
0.6257,16.7392
0.6324,16.5897
0.6391,16.4545
0.6458,16.4425
0.6524,16.4478
0.6591,16.4547
0.6658,16.4623
0.6725,16.4702
0.6792,16.4781
0.6859,16.4852
0.6926,16.4224
0.6992,16.2923
0.7059,16.1965
0.7126,16.1662
0.7193,16.1870
0.7260,16.1138
0.7327,16.0104
0.7393,15.9788
0.7460,15.9928
0.7527,16.0210
0.7594,16.0546
0.7661,16.0914
0.7728,16.1337
0.7795,16.1784
0.7861,16.2232
0.7928,16.2675
0.7995,16.3068
0.8062,16.3258
0.8129,16.3322
0.8196,16.2687
0.8262,16.1553
0.8329,16.0271
0.8396,15.8945
0.8463,15.7610
0.8530,15.6280
0.8597,15.5209
0.8664,15.4635
0.8730,15.4178
0.8797,15.3830
0.8864,15.3581
0.8931,15.3413
0.8998,15.3311
0.9065,15.3260
0.9131,15.3245
0.9265,15.3284
0.9399,15.3362
0.9533,15.3434
0.9666,15.3472
0.9800,15.3454
0.9934,15.3371
1.0067,15.3995
1.0201,15.5312
1.0335,15.6967
1.0468,15.8727
1.0602,16.0549
1.0736,16.2423
1.0870,16.4344
1.1003,16.6311
1.1137,16.7683
1.1271,16.9090
1.1404,17.0419
1.1538,17.1668
1.1672,17.2788
1.1805,17.1851
1.1939,17.0532
1.2073,16.9183
1.2206,16.7885
1.2340,16.6723
1.2474,16.6833
1.2608,16.9183
1.2741,17.1712
1.2875,17.4278
1.3009,17.6807
1.3142,17.9204
1.3276,18.1521
1.3410,18.4027
1.3543,18.6746
1.3677,18.9591
1.3811,19.2484
1.3944,19.5253
1.4078,19.6872
1.4212,19.6754
1.4346,19.6322
1.4479,19.5960
1.4613,19.6261
1.4747,19.8893
1.4880,20.2148
1.5014,20.5535
1.5148,20.8866
1.5281,21.1002
1.5415,21.0952
1.5549,21.2968
1.5682,21.6206
1.5816,21.7792
0.0000,21.7792
0.0116,21.6282
0.0232,21.3767
0.0347,21.2376
0.0463,21.1369
0.0579,20.9591
0.0695,20.7858
0.0810,20.6177
0.0926,20.4560
0.1042,20.3022
0.1158,20.1565
0.1274,19.9975
0.1389,19.8421
0.1505,19.6904
0.1621,19.5427
0.1737,19.4147
0.1853,19.3212
0.1968,19.2089
0.2084,19.0961
0.2200,18.9805
0.2316,18.8740
0.2431,18.7808
0.2547,18.6819
0.2663,18.5828
0.2779,18.4776
0.2895,18.3538
0.3010,18.1934
0.3126,17.9974
0.3242,17.8987
0.3358,17.8124
0.3473,17.7249
0.3589,17.6441
0.3705,17.5687
0.3821,17.4981
0.3937,17.4329
0.4052,17.3759
0.4168,17.3298
0.4284,17.2786
0.4400,17.2784
0.4516,17.2765
0.4631,17.2582
0.4747,17.2165
0.4863,17.1473
0.4979,17.0658
0.5094,17.0455
0.5210,17.0292
0.5326,16.9724
0.5442,16.9416
0.5558,16.9245
0.5673,16.9153
0.5789,16.9124
0.5856,16.8418
0.5923,16.9568
0.5990,16.9775
0.6057,16.8753
0.6123,16.8887
0.6190,16.8596
0.6257,16.7402
0.6324,16.5907
0.6391,16.4557
0.6458,16.4433
0.6524,16.4486
0.6591,16.4555
0.6658,16.4630
0.6725,16.4709
0.6792,16.4788
0.6859,16.4859
0.6926,16.4224
0.6992,16.2923
0.7059,16.1965
0.7126,16.1662
0.7193,16.1871
0.7260,16.1147
0.7327,16.0107
0.7393,15.9788
0.7460,15.9929
0.7527,16.0211
0.7594,16.0548
0.7661,16.0916
0.7728,16.1337
0.7795,16.1785
0.7861,16.2233
0.7928,16.2675
0.7995,16.3069
0.8062,16.3269
0.8129,16.3339
0.8196,16.2707
0.8262,16.1572
0.8329,16.0288
0.8396,15.8962
0.8463,15.7626
0.8530,15.6295
0.8597,15.5209
0.8664,15.4636
0.8730,15.4178
0.8797,15.3831
0.8864,15.3581
0.8931,15.3414
0.8998,15.3312
0.9065,15.3261
0.9131,15.3246
0.9265,15.3285
0.9399,15.3363
0.9533,15.3435
0.9666,15.3472
0.9800,15.3455
0.9934,15.3372
1.0067,15.3997
1.0201,15.5314
1.0335,15.6970
1.0468,15.8730
1.0602,16.0551
1.0736,16.2424
1.0870,16.4345
1.1003,16.6312
1.1137,16.7684
1.1271,16.9091
1.1404,17.0422
1.1538,17.1669
1.1672,17.2788
1.1805,17.1851
1.1939,17.0533
1.2073,16.9184
1.2206,16.7885
1.2340,16.6724
1.2474,16.6839
1.2608,16.9189
1.2741,17.1718
1.2875,17.4285
1.3009,17.6817
1.3142,17.9219
1.3276,18.1537
1.3410,18.4039
1.3543,18.6755
1.3677,18.9597
1.3811,19.2488
1.3944,19.5254
1.4078,19.6872
1.4212,19.6758
1.4346,19.6327
1.4479,19.5968
1.4613,19.6270
1.4747,19.8897
1.4880,20.2148
1.5014,20.5535
1.5148,20.8866
1.5281,21.1003
1.5415,21.0956
1.5549,21.2970
1.5682,21.6207
1.5816,21.7792
0.0000,21.7792
0.0116,21.6743
0.0232,21.4999
0.0347,21.3179
0.0463,21.1373
0.0579,20.9794
0.0695,20.8184
0.0810,20.6513
0.0926,20.4841
0.1042,20.3188
0.1158,20.1587
0.1274,20.0301
0.1389,19.9252
0.1505,19.8224
0.1621,19.6798
0.1737,19.5126
0.1853,19.3625
0.1968,19.2256
0.2084,19.0984
0.2200,18.9870
0.2316,18.8820
0.2431,18.7826
0.2547,18.7108
0.2663,18.6590
0.2779,18.6079
0.2895,18.4934
0.3010,18.2942
0.3126,18.0824
0.3242,17.9211
0.3358,17.8136
0.3473,17.7305
0.3589,17.6528
0.3705,17.5794
0.3821,17.5104
0.3937,17.4458
0.4052,17.3856
0.4168,17.3509
0.4284,17.4325
0.4400,17.5475
0.4516,17.6391
0.4631,17.6498
0.4747,17.5620
0.4863,17.4302
0.4979,17.2866
0.5094,17.1478
0.5210,17.0355
0.5326,17.0164
0.5442,17.0070
0.5558,17.0005
0.5673,16.9967
0.5789,16.9954
0.5856,17.1493
0.5923,17.3266
0.5990,17.3089
0.6057,17.3784
0.6123,17.2780
0.6190,17.2767
0.6257,17.3651
0.6324,17.4807
0.6391,17.4669
0.6458,17.3758
0.6524,17.2633
0.6591,17.1361
0.6658,16.9992
0.6725,16.8563
0.6792,16.7105
0.6859,16.5645
0.6926,16.4900
0.6992,16.4872
0.7059,16.4592
0.7126,16.3733
0.7193,16.2461
0.7260,16.2309
0.7327,16.2867
0.7393,16.3506
0.7460,16.4201
0.7527,16.4935
0.7594,16.5690
0.7661,16.6441
0.7728,16.7130
0.7795,16.7368
0.7861,16.6699
0.7928,16.5558
0.7995,16.4419
0.8062,16.3883
0.8129,16.4238
0.8196,16.4706
0.8262,16.5201
0.8329,16.5711
0.8396,16.6235
0.8463,16.6770
0.8530,16.7318
0.8597,16.7877
0.8664,16.8447
0.8730,16.9028
0.8797,16.9620
0.8864,17.0220
0.8931,17.0826
0.8998,17.1429
0.9065,17.1996
0.9131,17.2318
0.9265,17.1292
0.9399,16.9241
0.9533,16.7094
0.9666,16.5012
0.9800,16.3101
0.9934,16.1511
1.0067,16.0516
1.0201,16.0383
1.0335,16.0988
1.0468,16.1988
1.0602,16.3152
1.0736,16.4373
1.0870,16.5390
1.1003,16.6446
1.1137,16.8086
1.1271,16.9305
1.1404,17.0664
1.1538,17.2263
1.1672,17.3448
1.1805,17.5122
1.1939,17.6765
1.2073,17.8292
1.2206,17.9596
1.2340,18.0557
1.2474,18.1124
1.2608,18.1376
1.2741,18.1482
1.2875,18.1633
1.3009,18.2024
1.3142,18.2845
1.3276,18.4209
1.3410,18.6073
1.3543,18.8290
1.3677,19.0724
1.3811,19.3315
1.3944,19.6031
1.4078,19.8795
1.4212,19.9142
1.4346,19.7537
1.4479,19.6125
1.4613,19.7674
1.4747,20.0838
1.4880,20.4218
1.5014,20.6673
1.5148,20.9190
1.5281,21.1863
1.5415,21.3635
1.5549,21.3815
1.5682,21.6418
1.5816,21.7792
0.0000,21.7792
0.0116,21.6743
0.0232,21.4999
0.0347,21.3179
0.0463,21.1373
0.0579,20.9794
0.0695,20.8184
0.0810,20.6513
0.0926,20.4841
0.1042,20.3188
0.1158,20.1587
0.1274,20.0301
0.1389,19.9252
0.1505,19.8224
0.1621,19.6798
0.1737,19.5126
0.1853,19.3625
0.1968,19.2256
0.2084,19.0984
0.2200,18.9870
0.2316,18.8820
0.2431,18.7826
0.2547,18.7108
0.2663,18.6590
0.2779,18.6079
0.2895,18.4934
0.3010,18.2942
0.3126,18.0824
0.3242,17.9211
0.3358,17.8136
0.3473,17.7305
0.3589,17.6528
0.3705,17.5794
0.3821,17.5104
0.3937,17.4458
0.4052,17.3856
0.4168,17.3509
0.4284,17.4325
0.4400,17.5475
0.4516,17.6391
0.4631,17.6498
0.4747,17.5620
0.4863,17.4302
0.4979,17.2866
0.5094,17.1478
0.5210,17.0355
0.5326,17.0164
0.5442,17.0070
0.5558,17.0005
0.5673,16.9967
0.5789,16.9954
0.5856,17.1497
0.5923,17.3266
0.5990,17.3089
0.6057,17.3791
0.6123,17.2789
0.6190,17.2796
0.6257,17.3685
0.6324,17.4839
0.6391,17.4669
0.6458,17.3758
0.6524,17.2634
0.6591,17.1361
0.6658,16.9992
0.6725,16.8563
0.6792,16.7105
0.6859,16.5645
0.6926,16.4905
0.6992,16.4876
0.7059,16.4594
0.7126,16.3740
0.7193,16.2470
0.7260,16.2309
0.7327,16.2868
0.7393,16.3506
0.7460,16.4202
0.7527,16.4936
0.7594,16.5691
0.7661,16.6442
0.7728,16.7131
0.7795,16.7374
0.7861,16.6699
0.7928,16.5559
0.7995,16.4420
0.8062,16.3884
0.8129,16.4238
0.8196,16.4706
0.8262,16.5201
0.8329,16.5711
0.8396,16.6235
0.8463,16.6771
0.8530,16.7318
0.8597,16.7877
0.8664,16.8447
0.8730,16.9028
0.8797,16.9620
0.8864,17.0220
0.8931,17.0826
0.8998,17.1430
0.9065,17.1997
0.9131,17.2319
0.9265,17.1301
0.9399,16.9244
0.9533,16.7094
0.9666,16.5015
0.9800,16.3105
0.9934,16.1517
1.0067,16.0520
1.0201,16.0385
1.0335,16.0996
1.0468,16.1999
1.0602,16.3164
1.0736,16.4384
1.0870,16.5391
1.1003,16.6447
1.1137,16.8088
1.1271,16.9306
1.1404,17.0665
1.1538,17.2263
1.1672,17.3449
1.1805,17.5122
1.1939,17.6765
1.2073,17.8293
1.2206,17.9597
1.2340,18.0558
1.2474,18.1125
1.2608,18.1377
1.2741,18.1483
1.2875,18.1633
1.3009,18.2024
1.3142,18.2846
1.3276,18.4209
1.3410,18.6073
1.3543,18.8290
1.3677,19.0725
1.3811,19.3315
1.3944,19.6031
1.4078,19.8795
1.4212,19.9143
1.4346,19.7538
1.4479,19.6126
1.4613,19.7674
1.4747,20.0838
1.4880,20.4218
1.5014,20.6673
1.5148,20.9190
1.5281,21.1864
1.5415,21.3638
1.5549,21.3820
1.5682,21.6419
1.5816,21.7792
0.0000,21.9671
0.0116,21.7312
0.0232,21.6320
0.0347,21.4711
0.0463,21.3343
0.0579,21.1164
0.0695,20.8515
0.0810,20.6553
0.0926,20.5846
0.1042,20.4141
0.1158,20.2483
0.1274,20.0901
0.1389,19.9447
0.1505,19.8584
0.1621,19.7856
0.1737,19.6829
0.1853,19.6894
0.1968,19.7481
0.2084,19.7881
0.2200,19.7006
0.2316,19.6021
0.2431,19.4991
0.2547,19.3777
0.2663,19.1490
0.2779,18.9323
0.2895,18.7314
0.3010,18.5589
0.3126,18.4358
0.3242,18.3434
0.3358,18.2671
0.3473,18.2005
0.3589,18.1407
0.3705,18.0866
0.3821,18.0380
0.3937,17.9951
0.4052,17.9584
0.4168,17.9285
0.4284,17.9055
0.4400,17.8871
0.4516,17.8630
0.4631,17.8115
0.4747,17.7293
0.4863,17.6467
0.4979,17.5825
0.5094,17.5376
0.5210,17.5063
0.5326,17.4842
0.5442,17.4687
0.5558,17.4582
0.5673,17.4522
0.5789,17.4502
0.5856,17.4075
0.5923,17.3374
0.5990,17.4729
0.6057,17.3862
0.6123,17.4753
0.6190,17.5358
0.6257,17.5539
0.6324,17.5289
0.6391,17.5971
0.6458,17.6947
0.6524,17.7328
0.6591,17.6705
0.6658,17.5461
0.6725,17.3998
0.6792,17.2460
0.6859,17.0906
0.6926,16.9373
0.6992,16.7924
0.7059,16.6744
0.7126,16.6168
0.7193,16.6057
0.7260,16.6110
0.7327,16.6222
0.7393,16.6365
0.7460,16.6526
0.7527,16.6699
0.7594,16.6878
0.7661,16.7058
0.7728,16.7228
0.7795,16.7441
0.7861,16.7434
0.7928,16.7322
0.7995,16.6861
0.8062,16.6057
0.8129,16.5282
0.8196,16.5112
0.8262,16.5410
0.8329,16.5856
0.8396,16.6358
0.8463,16.6891
0.8530,16.7445
0.8597,16.8018
0.8664,16.8605
0.8730,16.9205
0.8797,16.9816
0.8864,17.0435
0.8931,17.1054
0.8998,17.1659
0.9065,17.2199
0.9131,17.2476
0.9265,17.1336
0.9399,16.9907
0.9533,16.8479
0.9666,16.7138
0.9800,16.5941
0.9934,16.4937
1.0067,16.4168
1.0201,16.3668
1.0335,16.3461
1.0468,16.3547
1.0602,16.3914
1.0736,16.4537
1.0870,16.5609
1.1003,16.6848
1.1137,16.8317
1.1271,17.0355
1.1404,17.2397
1.1538,17.4359
1.1672,17.6043
1.1805,17.7604
1.1939,17.9351
1.2073,18.1268
1.2206,18.3287
1.2340,18.5300
1.2474,18.6989
1.2608,18.7381
1.2741,18.6324
1.2875,18.4910
1.3009,18.3727
1.3142,18.3392
1.3276,18.4530
1.3410,18.6725
1.3543,18.9308
1.3677,19.2012
1.3811,19.4726
1.3944,19.7325
1.4078,19.9427
1.4212,20.1713
1.4346,20.3865
1.4479,20.5409
1.4613,20.6650
1.4747,20.7489
1.4880,20.6289
1.5014,20.7765
1.5148,21.1094
1.5281,21.2127
1.5415,21.4591
1.5549,21.5911
1.5682,21.6836
1.5816,21.9671
0.0000,21.9671
0.0116,21.7312
0.0232,21.6320
0.0347,21.4711
0.0463,21.3343
0.0579,21.1164
0.0695,20.8515
0.0810,20.6553
0.0926,20.5846
0.1042,20.4141
0.1158,20.2483
0.1274,20.0901
0.1389,19.9447
0.1505,19.8584
0.1621,19.7856
0.1737,19.6829
0.1853,19.6894
0.1968,19.7481
0.2084,19.7881
0.2200,19.7006
0.2316,19.6021
0.2431,19.4991
0.2547,19.3777
0.2663,19.1490
0.2779,18.9323
0.2895,18.7314
0.3010,18.5589
0.3126,18.4358
0.3242,18.3434
0.3358,18.2671
0.3473,18.2005
0.3589,18.1407
0.3705,18.0866
0.3821,18.0380
0.3937,17.9951
0.4052,17.9584
0.4168,17.9285
0.4284,17.9055
0.4400,17.8871
0.4516,17.8630
0.4631,17.8115
0.4747,17.7293
0.4863,17.6467
0.4979,17.5825
0.5094,17.5376
0.5210,17.5063
0.5326,17.4842
0.5442,17.4687
0.5558,17.4582
0.5673,17.4522
0.5789,17.4502
0.5856,17.4075
0.5923,17.3377
0.5990,17.4736
0.6057,17.3862
0.6123,17.4754
0.6190,17.5358
0.6257,17.5539
0.6324,17.5290
0.6391,17.5995
0.6458,17.6958
0.6524,17.7335
0.6591,17.6720
0.6658,17.5473
0.6725,17.4006
0.6792,17.2465
0.6859,17.0909
0.6926,16.9374
0.6992,16.7925
0.7059,16.6748
0.7126,16.6177
0.7193,16.6067
0.7260,16.6119
0.7327,16.6232
0.7393,16.6374
0.7460,16.6535
0.7527,16.6707
0.7594,16.6886
0.7661,16.7066
0.7728,16.7235
0.7795,16.7442
0.7861,16.7438
0.7928,16.7322
0.7995,16.6866
0.8062,16.6063
0.8129,16.5285
0.8196,16.5112
0.8262,16.5412
0.8329,16.5859
0.8396,16.6362
0.8463,16.6895
0.8530,16.7451
0.8597,16.8023
0.8664,16.8611
0.8730,16.9212
0.8797,16.9823
0.8864,17.0442
0.8931,17.1063
0.8998,17.1669
0.9065,17.2210
0.9131,17.2488
0.9265,17.1337
0.9399,16.9907
0.9533,16.8479
0.9666,16.7138
0.9800,16.5942
0.9934,16.4938
1.0067,16.4169
1.0201,16.3670
1.0335,16.3462
1.0468,16.3548
1.0602,16.3915
1.0736,16.4538
1.0870,16.5618
1.1003,16.6853
1.1137,16.8318
1.1271,17.0356
1.1404,17.2399
1.1538,17.4362
1.1672,17.6047
1.1805,17.7606
1.1939,17.9352
1.2073,18.1270
1.2206,18.3290
1.2340,18.5304
1.2474,18.6994
1.2608,18.7394
1.2741,18.6353
1.2875,18.4943
1.3009,18.3759
1.3142,18.3414
1.3276,18.4538
1.3410,18.6727
1.3543,18.9309
1.3677,19.2014
1.3811,19.4729
1.3944,19.7328
1.4078,19.9438
1.4212,20.1713
1.4346,20.3865
1.4479,20.5411
1.4613,20.6653
1.4747,20.7489
1.4880,20.6289
1.5014,20.7765
1.5148,21.1098
1.5281,21.2127
1.5415,21.4591
1.5549,21.5911
1.5682,21.6837
1.5816,21.9671
0.0000,21.9674
0.0116,21.8235
0.0232,21.6507
0.0347,21.5075
0.0463,21.4238
0.0579,21.1552
0.0695,20.9561
0.0810,20.7666
0.0926,20.5866
0.1042,20.6380
0.1158,20.6075
0.1274,20.4443
0.1389,20.2156
0.1505,19.9800
0.1621,19.8422
0.1737,19.8631
0.1853,19.8779
0.1968,19.8525
0.2084,19.8194
0.2200,19.8330
0.2316,19.7155
0.2431,19.5869
0.2547,19.3951
0.2663,19.1923
0.2779,18.9499
0.2895,18.7904
0.3010,18.7393
0.3126,18.7132
0.3242,18.6836
0.3358,18.6450
0.3473,18.5978
0.3589,18.5442
0.3705,18.4862
0.3821,18.4253
0.3937,18.3592
0.4052,18.2968
0.4168,18.2296
0.4284,18.1577
0.4400,18.0819
0.4516,18.0143
0.4631,17.9981
0.4747,18.0062
0.4863,17.9719
0.4979,17.9415
0.5094,17.9152
0.5210,17.8929
0.5326,17.8747
0.5442,17.8605
0.5558,17.8504
0.5673,17.8443
0.5789,17.8423
0.5856,17.8387
0.5923,17.7039
0.5990,17.6141
0.6057,17.7629
0.6123,17.9575
0.6190,18.1551
0.6257,18.2583
0.6324,18.2989
0.6391,18.3087
0.6458,18.2008
0.6524,18.1337
0.6591,18.1616
0.6658,18.2478
0.6725,18.2436
0.6792,18.2243
0.6859,18.1992
0.6926,18.1657
0.6992,18.1214
0.7059,18.0642
0.7126,17.9932
0.7193,17.9086
0.7260,17.8119
0.7327,17.7052
0.7393,17.5907
0.7460,17.4707
0.7527,17.3469
0.7594,17.2213
0.7661,17.0962
0.7728,16.9772
0.7795,16.8956
0.7861,16.9191
0.7928,16.9828
0.7995,17.0117
0.8062,16.9883
0.8129,16.9934
0.8196,17.0124
0.8262,17.0385
0.8329,17.0691
0.8396,17.1025
0.8463,17.1382
0.8530,17.1757
0.8597,17.2144
0.8664,17.2541
0.8730,17.2940
0.8797,17.3334
0.8864,17.3705
0.8931,17.4021
0.8998,17.4125
0.9065,17.3650
0.9131,17.3352
0.9265,17.4281
0.9399,17.5632
0.9533,17.7060
0.9666,17.8538
0.9800,18.0057
0.9934,18.1608
1.0067,18.3171
1.0201,18.4708
1.0335,18.6142
1.0468,18.6517
1.0602,18.5587
1.0736,18.4359
1.0870,18.3016
1.1003,18.1627
1.1137,18.0233
1.1271,17.8896
1.1404,17.7428
1.1538,17.6151
1.1672,17.6127
1.1805,17.7778
1.1939,17.9888
1.2073,18.2101
1.2206,18.4321
1.2340,18.6485
1.2474,18.8539
1.2608,19.0451
1.2741,19.2184
1.2875,19.3641
1.3009,19.4681
1.3142,19.5256
1.3276,19.5489
1.3410,19.5599
1.3543,19.5825
1.3677,19.6432
1.3811,19.7628
1.3944,19.9132
1.4078,20.0128
1.4212,20.1812
1.4346,20.4408
1.4479,20.6741
1.4613,20.7995
1.4747,20.7865
1.4880,20.9316
1.5014,21.0767
1.5148,21.1337
1.5281,21.4939
1.5415,21.8039
1.5549,21.9184
1.5682,21.8224
1.5816,21.9674
0.0000,21.9674
0.0116,21.8235
0.0232,21.6507
0.0347,21.5075
0.0463,21.4238
0.0579,21.1552
0.0695,20.9561
0.0810,20.7666
0.0926,20.5866
0.1042,20.6380
0.1158,20.6075
0.1274,20.4443
0.1389,20.2156
0.1505,19.9800
0.1621,19.8422
0.1737,19.8631
0.1853,19.8779
0.1968,19.8525
0.2084,19.8194
0.2200,19.8330
0.2316,19.7155
0.2431,19.5869
0.2547,19.3951
0.2663,19.1923
0.2779,18.9499
0.2895,18.7904
0.3010,18.7393
0.3126,18.7132
0.3242,18.6836
0.3358,18.6450
0.3473,18.5978
0.3589,18.5442
0.3705,18.4862
0.3821,18.4253
0.3937,18.3592
0.4052,18.2968
0.4168,18.2296
0.4284,18.1577
0.4400,18.0819
0.4516,18.0143
0.4631,17.9981
0.4747,18.0062
0.4863,17.9719
0.4979,17.9415
0.5094,17.9152
0.5210,17.8929
0.5326,17.8747
0.5442,17.8605
0.5558,17.8504
0.5673,17.8443
0.5789,17.8423
0.5856,17.8399
0.5923,17.7051
0.5990,17.6141
0.6057,17.7633
0.6123,17.9579
0.6190,18.1553
0.6257,18.2583
0.6324,18.2989
0.6391,18.3087
0.6458,18.2024
0.6524,18.1369
0.6591,18.1652
0.6658,18.2506
0.6725,18.2436
0.6792,18.2243
0.6859,18.1992
0.6926,18.1657
0.6992,18.1214
0.7059,18.0643
0.7126,17.9932
0.7193,17.9087
0.7260,17.8120
0.7327,17.7052
0.7393,17.5908
0.7460,17.4707
0.7527,17.3470
0.7594,17.2214
0.7661,17.0962
0.7728,16.9772
0.7795,16.8957
0.7861,16.9193
0.7928,16.9829
0.7995,17.0119
0.8062,16.9889
0.8129,16.9942
0.8196,17.0132
0.8262,17.0393
0.8329,17.0698
0.8396,17.1033
0.8463,17.1389
0.8530,17.1763
0.8597,17.2150
0.8664,17.2546
0.8730,17.2945
0.8797,17.3338
0.8864,17.3708
0.8931,17.4023
0.8998,17.4125
0.9065,17.3650
0.9131,17.3352
0.9265,17.4281
0.9399,17.5632
0.9533,17.7060
0.9666,17.8538
0.9800,18.0058
0.9934,18.1608
1.0067,18.3172
1.0201,18.4708
1.0335,18.6142
1.0468,18.6533
1.0602,18.5602
1.0736,18.4371
1.0870,18.3025
1.1003,18.1633
1.1137,18.0238
1.1271,17.8900
1.1404,17.7429
1.1538,17.6152
1.1672,17.6128
1.1805,17.7778
1.1939,17.9888
1.2073,18.2101
1.2206,18.4321
1.2340,18.6485
1.2474,18.8539
1.2608,19.0451
1.2741,19.2185
1.2875,19.3642
1.3009,19.4682
1.3142,19.5256
1.3276,19.5489
1.3410,19.5599
1.3543,19.5825
1.3677,19.6433
1.3811,19.7628
1.3944,19.9145
1.4078,20.0129
1.4212,20.1818
1.4346,20.4409
1.4479,20.6742
1.4613,20.7996
1.4747,20.7867
1.4880,20.9319
1.5014,21.0773
1.5148,21.1337
1.5281,21.4939
1.5415,21.8039
1.5549,21.9185
1.5682,21.8225
1.5816,21.9674
0.0000,22.0353
0.0116,21.9534
0.0232,21.9423
0.0347,21.7308
0.0463,21.4430
0.0579,21.4418
0.0695,21.4270
0.0810,21.3678
0.0926,21.2705
0.1042,21.1504
0.1158,20.8782
0.1274,20.5945
0.1389,20.3140
0.1505,20.0678
0.1621,19.9403
0.1737,19.9232
0.1853,19.9339
0.1968,19.9410
0.2084,19.9242
0.2200,19.8650
0.2316,19.7531
0.2431,19.6017
0.2547,19.4389
0.2663,19.2919
0.2779,19.1906
0.2895,19.0919
0.3010,18.9962
0.3126,18.9037
0.3242,18.8148
0.3358,18.7294
0.3473,18.6477
0.3589,18.5698
0.3705,18.4957
0.3821,18.4255
0.3937,18.3624
0.4052,18.2973
0.4168,18.2384
0.4284,18.1840
0.4400,18.1335
0.4516,18.0871
0.4631,18.0447
0.4747,18.0329
0.4863,18.0456
0.4979,18.0286
0.5094,18.0026
0.5210,17.9769
0.5326,17.9544
0.5442,17.9363
0.5558,17.9231
0.5673,17.9151
0.5789,17.9124
0.5856,17.8754
0.5923,17.9418
0.5990,18.0080
0.6057,18.0682
0.6123,18.1288
0.6190,18.1948
0.6257,18.3453
0.6324,18.4278
0.6391,18.3192
0.6458,18.3009
0.6524,18.2876
0.6591,18.2737
0.6658,18.2595
0.6725,18.3515
0.6792,18.4580
0.6859,18.5612
0.6926,18.6591
0.6992,18.7500
0.7059,18.8282
0.7126,18.8266
0.7193,18.6894
0.7260,18.5338
0.7327,18.3764
0.7393,18.2192
0.7460,18.0630
0.7527,17.9082
0.7594,17.7552
0.7661,17.6049
0.7728,17.4583
0.7795,17.3177
0.7861,17.1878
0.7928,17.0799
0.7995,17.0509
0.8062,17.1177
0.8129,17.1814
0.8196,17.2411
0.8262,17.2964
0.8329,17.3468
0.8396,17.3916
0.8463,17.4306
0.8530,17.4629
0.8597,17.4877
0.8664,17.5037
0.8730,17.5096
0.8797,17.5040
0.8864,17.4856
0.8931,17.4545
0.8998,17.4219
0.9065,17.4217
0.9131,17.4112
0.9265,17.4893
0.9399,17.6252
0.9533,17.7726
0.9666,17.9258
0.9800,18.0831
0.9934,18.2433
1.0067,18.4049
1.0201,18.5639
1.0335,18.6731
1.0468,18.7400
1.0602,18.7572
1.0736,18.5984
1.0870,18.4205
1.1003,18.2423
1.1137,18.0679
1.1271,17.8999
1.1404,17.7760
1.1538,17.7215
1.1672,17.7934
1.1805,17.9739
1.1939,18.1900
1.2073,18.4179
1.2206,18.6515
1.2340,18.8861
1.2474,19.1019
1.2608,19.2248
1.2741,19.4077
1.2875,19.6405
1.3009,19.8909
1.3142,20.1400
1.3276,20.2361
1.3410,20.1780
1.3543,20.1005
1.3677,20.0229
1.3811,19.9533
1.3944,19.9216
1.4078,20.0343
1.4212,20.2854
1.4346,20.5762
1.4479,20.8875
1.4613,21.2032
1.4747,21.2469
1.4880,21.2258
1.5014,21.2619
1.5148,21.4653
1.5281,21.7394
1.5415,21.8844
1.5549,21.9362
1.5682,21.9717
1.5816,22.0353
0.0000,22.0353
0.0116,21.9534
0.0232,21.9423
0.0347,21.7308
0.0463,21.4430
0.0579,21.4418
0.0695,21.4270
0.0810,21.3678
0.0926,21.2705
0.1042,21.1504
0.1158,20.8782
0.1274,20.5945
0.1389,20.3140
0.1505,20.0678
0.1621,19.9403
0.1737,19.9232
0.1853,19.9339
0.1968,19.9410
0.2084,19.9242
0.2200,19.8650
0.2316,19.7531
0.2431,19.6017
0.2547,19.4389
0.2663,19.2919
0.2779,19.1906
0.2895,19.0919
0.3010,18.9962
0.3126,18.9037
0.3242,18.8148
0.3358,18.7294
0.3473,18.6477
0.3589,18.5698
0.3705,18.4957
0.3821,18.4255
0.3937,18.3624
0.4052,18.2973
0.4168,18.2384
0.4284,18.1840
0.4400,18.1335
0.4516,18.0871
0.4631,18.0447
0.4747,18.0329
0.4863,18.0456
0.4979,18.0286
0.5094,18.0026
0.5210,17.9769
0.5326,17.9544
0.5442,17.9363
0.5558,17.9231
0.5673,17.9151
0.5789,17.9124
0.5856,17.8754
0.5923,17.9418
0.5990,18.0080
0.6057,18.0682
0.6123,18.1288
0.6190,18.1949
0.6257,18.3455
0.6324,18.4288
0.6391,18.3193
0.6458,18.3009
0.6524,18.2877
0.6591,18.2737
0.6658,18.2595
0.6725,18.3532
0.6792,18.4584
0.6859,18.5619
0.6926,18.6610
0.6992,18.7531
0.7059,18.8323
0.7126,18.8283
0.7193,18.6896
0.7260,18.5344
0.7327,18.3772
0.7393,18.2201
0.7460,18.0640
0.7527,17.9092
0.7594,17.7563
0.7661,17.6060
0.7728,17.4594
0.7795,17.3186
0.7861,17.1886
0.7928,17.0802
0.7995,17.0510
0.8062,17.1178
0.8129,17.1815
0.8196,17.2413
0.8262,17.2966
0.8329,17.3469
0.8396,17.3918
0.8463,17.4307
0.8530,17.4630
0.8597,17.4877
0.8664,17.5038
0.8730,17.5097
0.8797,17.5040
0.8864,17.4856
0.8931,17.4545
0.8998,17.4220
0.9065,17.4218
0.9131,17.4114
0.9265,17.4895
0.9399,17.6256
0.9533,17.7730
0.9666,17.9262
0.9800,18.0834
0.9934,18.2435
1.0067,18.4049
1.0201,18.5644
1.0335,18.6746
1.0468,18.7400
1.0602,18.7572
1.0736,18.5984
1.0870,18.4205
1.1003,18.2424
1.1137,18.0680
1.1271,17.9000
1.1404,17.7764
1.1538,17.7221
1.1672,17.7941
1.1805,17.9743
1.1939,18.1903
1.2073,18.4182
1.2206,18.6517
1.2340,18.8865
1.2474,19.1037
1.2608,19.2287
1.2741,19.4100
1.2875,19.6420
1.3009,19.8919
1.3142,20.1403
1.3276,20.2365
1.3410,20.1790
1.3543,20.1016
1.3677,20.0241
1.3811,19.9545
1.3944,19.9216
1.4078,20.0345
1.4212,20.2857
1.4346,20.5762
1.4479,20.8876
1.4613,21.2033
1.4747,21.2475
1.4880,21.2261
1.5014,21.2621
1.5148,21.4656
1.5281,21.7396
1.5415,21.8844
1.5549,21.9362
1.5682,21.9717
1.5816,22.0353
0.0000,22.0353
0.0116,21.9812
0.0232,22.0334
0.0347,22.0014
0.0463,21.8553
0.0579,21.8376
0.0695,21.6932
0.0810,21.5478
0.0926,21.4036
0.1042,21.1518
0.1158,21.0196
0.1274,20.8834
0.1389,20.7455
0.1505,20.6080
0.1621,20.4719
0.1737,20.3381
0.1853,20.2070
0.1968,20.0789
0.2084,19.9542
0.2200,19.8771
0.2316,19.8419
0.2431,19.6681
0.2547,19.4918
0.2663,19.3859
0.2779,19.2841
0.2895,19.1864
0.3010,19.0929
0.3126,19.0037
0.3242,18.9188
0.3358,18.8383
0.3473,18.7624
0.3589,18.6910
0.3705,18.6244
0.3821,18.5625
0.3937,18.5054
0.4052,18.4533
0.4168,18.4063
0.4284,18.3644
0.4400,18.3277
0.4516,18.2143
0.4631,18.1366
0.4747,18.1265
0.4863,18.1591
0.4979,18.2122
0.5094,18.2124
0.5210,18.2078
0.5326,18.2058
0.5442,18.2055
0.5558,18.2060
0.5673,18.2067
0.5789,18.2069
0.5856,18.2771
0.5923,18.4071
0.5990,18.5400
0.6057,18.6546
0.6123,18.7217
0.6190,18.7045
0.6257,18.6204
0.6324,18.6106
0.6391,18.7843
0.6458,18.9763
0.6524,19.1620
0.6591,19.3285
0.6658,19.4578
0.6725,19.5421
0.6792,19.5616
0.6859,19.4610
0.6926,19.3418
0.6992,19.1877
0.7059,19.0382
0.7126,18.9631
0.7193,19.0166
0.7260,19.0831
0.7327,19.0938
0.7393,19.0973
0.7460,19.1097
0.7527,19.1286
0.7594,19.1520
0.7661,19.1772
0.7728,19.2015
0.7795,19.2209
0.7861,19.2308
0.7928,19.2261
0.7995,19.2029
0.8062,19.1603
0.8129,19.1005
0.8196,19.0275
0.8262,18.9454
0.8329,18.8577
0.8396,18.7673
0.8463,18.6766
0.8530,18.5875
0.8597,18.5021
0.8664,18.4173
0.8730,18.2899
0.8797,18.1661
0.8864,18.0480
0.8931,17.9394
0.8998,17.8481
0.9065,17.7877
0.9131,17.7682
0.9265,17.8173
0.9399,17.9142
0.9533,18.0282
0.9666,18.1510
0.9800,18.2786
0.9934,18.4074
1.0067,18.5187
1.0201,18.6155
1.0335,18.7267
1.0468,18.8268
1.0602,18.8744
1.0736,18.9851
1.0870,19.0951
1.1003,19.1954
1.1137,19.2759
1.1271,19.3246
1.1404,19.3337
1.1538,19.3072
1.1672,19.2578
1.1805,19.2004
1.1939,19.1484
1.2073,19.1159
1.2206,19.1192
1.2340,19.1751
1.2474,19.2776
1.2608,19.4110
1.2741,19.6421
1.2875,19.8772
1.3009,20.0979
1.3142,20.2628
1.3276,20.4372
1.3410,20.6835
1.3543,20.7844
1.3677,20.7573
1.3811,20.6563
1.3944,20.5402
1.4078,20.5204
1.4212,20.6967
1.4346,20.9698
1.4479,21.2752
1.4613,21.2792
1.4747,21.5174
1.4880,21.7220
1.5014,21.7438
1.5148,21.7485
1.5281,21.7680
1.5415,21.9370
1.5549,22.0660
1.5682,22.0541
1.5816,22.0353
0.0000,22.0353
0.0116,21.9812
0.0232,22.0334
0.0347,22.0014
0.0463,21.8553
0.0579,21.8376
0.0695,21.6932
0.0810,21.5478
0.0926,21.4036
0.1042,21.1518
0.1158,21.0196
0.1274,20.8834
0.1389,20.7455
0.1505,20.6080
0.1621,20.4719
0.1737,20.3381
0.1853,20.2070
0.1968,20.0789
0.2084,19.9542
0.2200,19.8771
0.2316,19.8419
0.2431,19.6681
0.2547,19.4918
0.2663,19.3859
0.2779,19.2841
0.2895,19.1864
0.3010,19.0929
0.3126,19.0037
0.3242,18.9188
0.3358,18.8383
0.3473,18.7624
0.3589,18.6910
0.3705,18.6244
0.3821,18.5625
0.3937,18.5054
0.4052,18.4533
0.4168,18.4063
0.4284,18.3644
0.4400,18.3277
0.4516,18.2143
0.4631,18.1366
0.4747,18.1265
0.4863,18.1591
0.4979,18.2122
0.5094,18.2124
0.5210,18.2078
0.5326,18.2058
0.5442,18.2055
0.5558,18.2060
0.5673,18.2067
0.5789,18.2069
0.5856,18.2784
0.5923,18.4086
0.5990,18.5411
0.6057,18.6547
0.6123,18.7230
0.6190,18.7063
0.6257,18.6213
0.6324,18.6113
0.6391,18.7845
0.6458,18.9765
0.6524,19.1628
0.6591,19.3300
0.6658,19.4593
0.6725,19.5426
0.6792,19.5616
0.6859,19.4610
0.6926,19.3425
0.6992,19.1886
0.7059,19.0393
0.7126,18.9652
0.7193,19.0215
0.7260,19.0893
0.7327,19.0939
0.7393,19.0974
0.7460,19.1097
0.7527,19.1287
0.7594,19.1520
0.7661,19.1773
0.7728,19.2015
0.7795,19.2209
0.7861,19.2308
0.7928,19.2261
0.7995,19.2029
0.8062,19.1604
0.8129,19.1006
0.8196,19.0275
0.8262,18.9454
0.8329,18.8577
0.8396,18.7673
0.8463,18.6766
0.8530,18.5876
0.8597,18.5022
0.8664,18.4176
0.8730,18.2901
0.8797,18.1663
0.8864,18.0480
0.8931,17.9395
0.8998,17.8484
0.9065,17.7881
0.9131,17.7687
0.9265,17.8178
0.9399,17.9144
0.9533,18.0283
0.9666,18.1511
0.9800,18.2788
0.9934,18.4078
1.0067,18.5188
1.0201,18.6156
1.0335,18.7267
1.0468,18.8268
1.0602,18.8744
1.0736,18.9851
1.0870,19.0952
1.1003,19.1955
1.1137,19.2760
1.1271,19.3247
1.1404,19.3338
1.1538,19.3072
1.1672,19.2579
1.1805,19.2004
1.1939,19.1485
1.2073,19.1159
1.2206,19.1192
1.2340,19.1751
1.2474,19.2824
1.2608,19.4111
1.2741,19.6424
1.2875,19.8776
1.3009,20.0983
1.3142,20.2634
1.3276,20.4387
1.3410,20.6844
1.3543,20.7844
1.3677,20.7574
1.3811,20.6564
1.3944,20.5402
1.4078,20.5204
1.4212,20.6967
1.4346,20.9698
1.4479,21.2752
1.4613,21.2797
1.4747,21.5175
1.4880,21.7220
1.5014,21.7438
1.5148,21.7485
1.5281,21.7680
1.5415,21.9371
1.5549,22.0661
1.5682,22.0541
1.5816,22.0353
0.0000,22.0443
0.0116,22.1392
0.0232,22.2143
0.0347,22.0873
0.0463,21.9722
0.0579,21.8395
0.0695,21.7888
0.0810,21.6242
0.0926,21.4127
0.1042,21.3167
0.1158,21.2037
0.1274,21.0566
0.1389,20.9191
0.1505,20.7687
0.1621,20.6265
0.1737,20.4935
0.1853,20.3676
0.1968,20.2476
0.2084,20.1319
0.2200,20.0192
0.2316,19.9367
0.2431,19.8735
0.2547,19.7917
0.2663,19.7121
0.2779,19.6386
0.2895,19.5711
0.3010,19.5087
0.3126,19.4503
0.3242,19.3947
0.3358,19.3402
0.3473,19.2844
0.3589,19.2240
0.3705,19.1543
0.3821,19.0686
0.3937,18.9601
0.4052,18.8261
0.4168,18.6717
0.4284,18.5077
0.4400,18.3484
0.4516,18.2962
0.4631,18.2699
0.4747,18.2486
0.4863,18.2322
0.4979,18.2204
0.5094,18.2744
0.5210,18.3379
0.5326,18.3968
0.5442,18.4465
0.5558,18.4838
0.5673,18.5066
0.5789,18.5142
0.5856,18.5325
0.5923,18.5861
0.5990,18.6678
0.6057,18.7569
0.6123,18.8090
0.6190,18.8009
0.6257,18.7876
0.6324,18.8218
0.6391,18.9162
0.6458,19.0535
0.6524,19.2140
0.6591,19.3849
0.6658,19.5537
0.6725,19.6506
0.6792,19.5773
0.6859,19.4891
0.6926,19.3653
0.6992,19.2811
0.7059,19.2117
0.7126,19.1588
0.7193,19.1225
0.7260,19.1016
0.7327,19.1485
0.7393,19.2095
0.7460,19.2668
0.7527,19.3204
0.7594,19.3706
0.7661,19.4172
0.7728,19.4601
0.7795,19.4982
0.7861,19.5297
0.7928,19.5498
0.7995,19.5486
0.8062,19.5107
0.8129,19.4313
0.8196,19.3239
0.8262,19.2025
0.8329,19.0744
0.8396,18.9432
0.8463,18.8108
0.8530,18.6786
0.8597,18.5472
0.8664,18.4225
0.8730,18.3509
0.8797,18.2894
0.8864,18.2399
0.8931,18.2034
0.8998,18.1794
0.9065,18.1665
0.9131,18.1626
0.9265,18.1747
0.9399,18.2047
0.9533,18.2471
0.9666,18.2997
0.9800,18.3623
0.9934,18.4349
1.0067,18.5316
1.0201,18.6398
1.0335,18.7468
1.0468,18.8993
1.0602,19.0515
1.0736,19.1956
1.0870,19.3301
1.1003,19.4586
1.1137,19.5879
1.1271,19.7242
1.1404,19.8707
1.1538,20.0228
1.1672,20.1282
1.1805,20.0500
1.1939,19.8957
1.2073,19.7230
1.2206,19.5463
1.2340,19.3807
1.2474,19.2929
1.2608,19.4642
1.2741,19.6705
1.2875,19.8930
1.3009,20.1178
1.3142,20.3347
1.3276,20.5361
1.3410,20.7018
1.3543,20.8977
1.3677,21.0467
1.3811,21.1406
1.3944,21.2025
1.4078,21.2516
1.4212,21.2957
1.4346,21.3185
1.4479,21.3069
1.4613,21.5703
1.4747,21.6495
1.4880,21.8116
1.5014,22.0500
1.5148,22.0432
1.5281,22.0255
1.5415,22.0258
1.5549,22.1025
1.5682,22.0842
1.5816,22.0443
0.0000,22.0443
0.0116,22.1392
0.0232,22.2143
0.0347,22.0873
0.0463,21.9722
0.0579,21.8395
0.0695,21.7888
0.0810,21.6242
0.0926,21.4127
0.1042,21.3167
0.1158,21.2037
0.1274,21.0566
0.1389,20.9191
0.1505,20.7687
0.1621,20.6265
0.1737,20.4935
0.1853,20.3676
0.1968,20.2476
0.2084,20.1319
0.2200,20.0192
0.2316,19.9367
0.2431,19.8735
0.2547,19.7917
0.2663,19.7121
0.2779,19.6386
0.2895,19.5711
0.3010,19.5087
0.3126,19.4503
0.3242,19.3947
0.3358,19.3402
0.3473,19.2844
0.3589,19.2240
0.3705,19.1543
0.3821,19.0686
0.3937,18.9601
0.4052,18.8261
0.4168,18.6717
0.4284,18.5077
0.4400,18.3484
0.4516,18.2962
0.4631,18.2699
0.4747,18.2486
0.4863,18.2322
0.4979,18.2204
0.5094,18.2744
0.5210,18.3379
0.5326,18.3968
0.5442,18.4465
0.5558,18.4838
0.5673,18.5066
0.5789,18.5142
0.5856,18.5325
0.5923,18.5861
0.5990,18.6678
0.6057,18.7569
0.6123,18.8090
0.6190,18.8009
0.6257,18.7876
0.6324,18.8218
0.6391,18.9162
0.6458,19.0535
0.6524,19.2140
0.6591,19.3849
0.6658,19.5537
0.6725,19.6506
0.6792,19.5775
0.6859,19.4896
0.6926,19.3653
0.6992,19.2811
0.7059,19.2117
0.7126,19.1588
0.7193,19.1226
0.7260,19.1021
0.7327,19.1547
0.7393,19.2163
0.7460,19.2740
0.7527,19.3279
0.7594,19.3783
0.7661,19.4251
0.7728,19.4681
0.7795,19.5062
0.7861,19.5376
0.7928,19.5573
0.7995,19.5549
0.8062,19.5148
0.8129,19.4334
0.8196,19.3248
0.8262,19.2028
0.8329,19.0745
0.8396,18.9434
0.8463,18.8111
0.8530,18.6789
0.8597,18.5475
0.8664,18.4226
0.8730,18.3510
0.8797,18.2895
0.8864,18.2401
0.8931,18.2036
0.8998,18.1796
0.9065,18.1666
0.9131,18.1628
0.9265,18.1749
0.9399,18.2048
0.9533,18.2472
0.9666,18.2999
0.9800,18.3624
0.9934,18.4351
1.0067,18.5320
1.0201,18.6402
1.0335,18.7474
1.0468,18.8993
1.0602,19.0521
1.0736,19.1968
1.0870,19.3322
1.1003,19.4615
1.1137,19.5916
1.1271,19.7285
1.1404,19.8756
1.1538,20.0292
1.1672,20.1385
1.1805,20.0594
1.1939,19.9037
1.2073,19.7303
1.2206,19.5531
1.2340,19.3870
1.2474,19.2932
1.2608,19.4643
1.2741,19.6705
1.2875,19.8930
1.3009,20.1178
1.3142,20.3347
1.3276,20.5361
1.3410,20.7018
1.3543,20.8980
1.3677,21.0470
1.3811,21.1410
1.3944,21.2027
1.4078,21.2518
1.4212,21.2960
1.4346,21.3191
1.4479,21.3076
1.4613,21.5703
1.4747,21.6495
1.4880,21.8117
1.5014,22.0501
1.5148,22.0432
1.5281,22.0255
1.5415,22.0258
1.5549,22.1025
1.5682,22.0843
1.5816,22.0443
0.0000,22.0672
0.0116,22.2129
0.0232,22.2673
0.0347,22.2223
0.0463,22.1919
0.0579,22.0234
0.0695,21.8522
0.0810,21.6833
0.0926,21.5182
0.1042,21.3580
0.1158,21.2673
0.1274,21.0959
0.1389,20.9234
0.1505,20.7951
0.1621,20.6925
0.1737,20.6263
0.1853,20.6179
0.1968,20.5162
0.2084,20.4291
0.2200,20.3430
0.2316,20.2100
0.2431,20.0595
0.2547,19.9350
0.2663,19.8402
0.2779,19.7712
0.2895,19.7271
0.3010,19.7087
0.3126,19.7148
0.3242,19.7404
0.3358,19.7760
0.3473,19.8056
0.3589,19.7926
0.3705,19.6745
0.3821,19.4874
0.3937,19.2853
0.4052,19.0844
0.4168,18.8919
0.4284,18.7141
0.4400,18.5589
0.4516,18.4360
0.4631,18.3555
0.4747,18.3346
0.4863,18.3916
0.4979,18.5031
0.5094,18.6356
0.5210,18.7727
0.5326,18.9049
0.5442,19.0225
0.5558,19.1140
0.5673,19.1697
0.5789,19.1877
0.5856,19.1888
0.5923,19.1905
0.5990,19.1838
0.6057,19.1547
0.6123,19.1147
0.6190,19.1172
0.6257,19.1700
0.6324,19.2407
0.6391,19.3164
0.6458,19.3945
0.6524,19.4755
0.6591,19.5609
0.6658,19.6505
0.6725,19.6899
0.6792,19.6939
0.6859,19.6778
0.6926,19.7068
0.6992,19.7379
0.7059,19.7683
0.7126,19.7983
0.7193,19.8280
0.7260,19.8576
0.7327,19.8874
0.7393,19.9173
0.7460,19.9474
0.7527,19.9775
0.7594,20.0071
0.7661,20.0353
0.7728,20.0593
0.7795,20.0722
0.7861,20.0558
0.7928,19.9980
0.7995,19.9263
0.8062,19.8756
0.8129,19.8598
0.8196,19.8686
0.8262,19.8897
0.8329,19.9163
0.8396,19.9455
0.8463,19.9756
0.8530,20.0057
0.8597,20.0352
0.8664,20.0636
0.8730,20.0905
0.8797,20.1153
0.8864,20.1374
0.8931,20.1563
0.8998,20.1711
0.9065,20.1808
0.9131,20.1843
0.9265,20.1676
0.9399,20.1118
0.9533,20.0145
0.9666,19.8843
0.9800,19.7349
0.9934,19.5797
1.0067,19.4312
1.0201,19.3068
1.0335,19.2387
1.0468,19.1069
1.0602,19.1317
1.0736,19.2779
1.0870,19.4468
1.1003,19.6188
1.1137,19.7851
1.1271,19.9380
1.1404,20.0743
1.1538,20.1986
1.1672,20.3141
1.1805,20.4150
1.1939,20.4888
1.2073,20.5245
1.2206,20.5218
1.2340,20.4922
1.2474,20.4510
1.2608,20.4132
1.2741,20.3946
1.2875,20.4140
1.3009,20.4911
1.3142,20.5739
1.3276,20.6986
1.3410,20.8927
1.3543,21.1157
1.3677,21.3733
1.3811,21.6352
1.3944,21.6382
1.4078,21.5946
1.4212,21.5767
1.4346,21.6209
1.4479,21.7005
1.4613,21.6345
1.4747,21.9044
1.4880,22.0804
1.5014,22.0645
1.5148,22.0772
1.5281,22.0593
1.5415,22.0635
1.5549,22.1572
1.5682,22.1517
1.5816,22.0672
0.0000,22.0672
0.0116,22.2129
0.0232,22.2673
0.0347,22.2223
0.0463,22.1919
0.0579,22.0234
0.0695,21.8522
0.0810,21.6833
0.0926,21.5182
0.1042,21.3580
0.1158,21.2673
0.1274,21.0959
0.1389,20.9234
0.1505,20.7951
0.1621,20.6925
0.1737,20.6263
0.1853,20.6179
0.1968,20.5162
0.2084,20.4291
0.2200,20.3430
0.2316,20.2100
0.2431,20.0595
0.2547,19.9350
0.2663,19.8402
0.2779,19.7712
0.2895,19.7271
0.3010,19.7087
0.3126,19.7148
0.3242,19.7404
0.3358,19.7760
0.3473,19.8056
0.3589,19.7926
0.3705,19.6745
0.3821,19.4874
0.3937,19.2853
0.4052,19.0844
0.4168,18.8919
0.4284,18.7141
0.4400,18.5589
0.4516,18.4360
0.4631,18.3555
0.4747,18.3346
0.4863,18.3916
0.4979,18.5031
0.5094,18.6356
0.5210,18.7727
0.5326,18.9049
0.5442,19.0225
0.5558,19.1140
0.5673,19.1697
0.5789,19.1877
0.5856,19.1896
0.5923,19.1920
0.5990,19.1854
0.6057,19.1553
0.6123,19.1155
0.6190,19.1182
0.6257,19.1702
0.6324,19.2420
0.6391,19.3183
0.6458,19.3962
0.6524,19.4763
0.6591,19.5609
0.6658,19.6514
0.6725,19.6899
0.6792,19.6942
0.6859,19.6779
0.6926,19.7068
0.6992,19.7382
0.7059,19.7689
0.7126,19.7991
0.7193,19.8289
0.7260,19.8587
0.7327,19.8886
0.7393,19.9186
0.7460,19.9487
0.7527,19.9787
0.7594,20.0083
0.7661,20.0363
0.7728,20.0601
0.7795,20.0725
0.7861,20.0561
0.7928,19.9983
0.7995,19.9271
0.8062,19.8787
0.8129,19.8650
0.8196,19.8752
0.8262,19.8970
0.8329,19.9242
0.8396,19.9537
0.8463,19.9841
0.8530,20.0144
0.8597,20.0442
0.8664,20.0728
0.8730,20.0999
0.8797,20.1249
0.8864,20.1473
0.8931,20.1664
0.8998,20.1813
0.9065,20.1912
0.9131,20.1948
0.9265,20.1778
0.9399,20.1210
0.9533,20.0222
0.9666,19.8905
0.9800,19.7398
0.9934,19.5835
1.0067,19.4342
1.0201,19.3088
1.0335,19.2395
1.0468,19.1071
1.0602,19.1317
1.0736,19.2780
1.0870,19.4468
1.1003,19.6188
1.1137,19.7851
1.1271,19.9380
1.1404,20.0744
1.1538,20.1987
1.1672,20.3142
1.1805,20.4150
1.1939,20.4888
1.2073,20.5245
1.2206,20.5218
1.2340,20.4922
1.2474,20.4510
1.2608,20.4132
1.2741,20.3946
1.2875,20.4140
1.3009,20.4911
1.3142,20.5752
1.3276,20.6986
1.3410,20.8932
1.3543,21.1159
1.3677,21.3735
1.3811,21.6352
1.3944,21.6396
1.4078,21.5959
1.4212,21.5776
1.4346,21.6213
1.4479,21.7006
1.4613,21.6345
1.4747,21.9044
1.4880,22.0804
1.5014,22.0646
1.5148,22.0772
1.5281,22.0593
1.5415,22.0635
1.5549,22.1575
1.5682,22.1517
1.5816,22.0672
0.0000,22.0674
0.0116,22.2663
0.0232,22.2974
0.0347,22.3309
0.0463,22.2560
0.0579,22.1596
0.0695,22.0861
0.0810,22.0276
0.0926,21.8621
0.1042,21.5844
0.1158,21.3988
0.1274,21.3505
0.1389,21.1847
0.1505,21.0287
0.1621,20.8823
0.1737,20.7463
0.1853,20.6229
0.1968,20.6772
0.2084,20.7442
0.2200,20.5148
0.2316,20.3563
0.2431,20.3271
0.2547,20.3828
0.2663,20.4664
0.2779,20.5563
0.2895,20.6432
0.3010,20.7202
0.3126,20.6809
0.3242,20.5707
0.3358,20.4082
0.3473,20.2252
0.3589,20.0668
0.3705,19.9976
0.3821,19.8245
0.3937,19.6714
0.4052,19.5525
0.4168,19.4648
0.4284,19.4010
0.4400,19.3543
0.4516,19.3198
0.4631,19.2951
0.4747,19.2790
0.4863,19.2715
0.4979,19.2733
0.5094,19.2856
0.5210,19.3102
0.5326,19.3486
0.5442,19.4012
0.5558,19.4654
0.5673,19.5302
0.5789,19.5628
0.5856,19.5270
0.5923,19.4223
0.5990,19.3038
0.6057,19.2113
0.6123,19.1913
0.6190,19.2709
0.6257,19.4044
0.6324,19.5419
0.6391,19.6203
0.6458,19.6579
0.6524,19.6786
0.6591,19.6923
0.6658,19.6934
0.6725,19.7315
0.6792,19.7512
0.6859,19.7808
0.6926,19.8054
0.6992,19.8299
0.7059,19.8551
0.7126,19.8814
0.7193,19.9088
0.7260,19.9373
0.7327,19.9670
0.7393,19.9977
0.7460,20.0292
0.7527,20.0613
0.7594,20.0930
0.7661,20.1225
0.7728,20.1443
0.7795,20.1450
0.7861,20.1208
0.7928,20.0946
0.7995,20.0834
0.8062,20.0926
0.8129,20.1213
0.8196,20.1660
0.8262,20.2223
0.8329,20.2865
0.8396,20.3555
0.8463,20.4272
0.8530,20.4997
0.8597,20.5718
0.8664,20.6426
0.8730,20.7115
0.8797,20.7777
0.8864,20.8404
0.8931,20.8977
0.8998,20.9472
0.9065,20.9849
0.9131,21.0019
0.9265,20.9027
0.9399,20.7096
0.9533,20.5002
0.9666,20.2865
0.9800,20.0724
0.9934,19.8599
1.0067,19.6509
1.0201,19.4476
1.0335,19.2557
1.0468,19.2601
1.0602,19.3534
1.0736,19.4839
1.0870,19.6344
1.1003,19.7973
1.1137,19.9668
1.1271,20.1348
1.1404,20.2804
1.1538,20.3391
1.1672,20.3283
1.1805,20.4551
1.1939,20.6449
1.2073,20.8449
1.2206,21.0103
1.2340,21.0306
1.2474,20.9599
1.2608,20.8660
1.2741,20.7664
1.2875,20.6701
1.3009,20.5900
1.3142,20.6314
1.3276,20.8149
1.3410,21.0125
1.3543,21.2138
1.3677,21.4245
1.3811,21.6523
1.3944,21.8205
1.4078,21.9403
1.4212,21.9512
1.4346,21.8497
1.4479,21.7478
1.4613,21.9226
1.4747,22.0567
1.4880,22.0810
1.5014,22.1007
1.5148,22.1188
1.5281,22.0709
1.5415,22.0960
1.5549,22.2328
1.5682,22.3227
1.5816,22.0674
0.0000,22.0674
0.0116,22.2663
0.0232,22.2974
0.0347,22.3309
0.0463,22.2560
0.0579,22.1596
0.0695,22.0861
0.0810,22.0276
0.0926,21.8621
0.1042,21.5844
0.1158,21.3988
0.1274,21.3505
0.1389,21.1847
0.1505,21.0287
0.1621,20.8823
0.1737,20.7463
0.1853,20.6229
0.1968,20.6772
0.2084,20.7442
0.2200,20.5148
0.2316,20.3563
0.2431,20.3271
0.2547,20.3828
0.2663,20.4664
0.2779,20.5563
0.2895,20.6432
0.3010,20.7202
0.3126,20.6809
0.3242,20.5707
0.3358,20.4082
0.3473,20.2252
0.3589,20.0668
0.3705,19.9976
0.3821,19.8245
0.3937,19.6714
0.4052,19.5525
0.4168,19.4648
0.4284,19.4010
0.4400,19.3543
0.4516,19.3198
0.4631,19.2951
0.4747,19.2790
0.4863,19.2715
0.4979,19.2733
0.5094,19.2856
0.5210,19.3102
0.5326,19.3486
0.5442,19.4012
0.5558,19.4654
0.5673,19.5302
0.5789,19.5628
0.5856,19.5270
0.5923,19.4223
0.5990,19.3038
0.6057,19.2113
0.6123,19.1913
0.6190,19.2709
0.6257,19.4044
0.6324,19.5419
0.6391,19.6219
0.6458,19.6590
0.6524,19.6787
0.6591,19.6924
0.6658,19.6934
0.6725,19.7343
0.6792,19.7513
0.6859,19.7808
0.6926,19.8055
0.6992,19.8299
0.7059,19.8551
0.7126,19.8814
0.7193,19.9088
0.7260,19.9373
0.7327,19.9670
0.7393,19.9977
0.7460,20.0292
0.7527,20.0613
0.7594,20.0930
0.7661,20.1225
0.7728,20.1443
0.7795,20.1450
0.7861,20.1208
0.7928,20.0946
0.7995,20.0834
0.8062,20.0926
0.8129,20.1214
0.8196,20.1660
0.8262,20.2223
0.8329,20.2865
0.8396,20.3556
0.8463,20.4272
0.8530,20.4997
0.8597,20.5718
0.8664,20.6427
0.8730,20.7116
0.8797,20.7778
0.8864,20.8404
0.8931,20.8978
0.8998,20.9473
0.9065,20.9850
0.9131,21.0021
0.9265,20.9027
0.9399,20.7096
0.9533,20.5003
0.9666,20.2866
0.9800,20.0725
0.9934,19.8600
1.0067,19.6510
1.0201,19.4477
1.0335,19.2559
1.0468,19.2601
1.0602,19.3536
1.0736,19.4841
1.0870,19.6345
1.1003,19.7974
1.1137,19.9669
1.1271,20.1351
1.1404,20.2816
1.1538,20.3421
1.1672,20.3285
1.1805,20.4561
1.1939,20.6469
1.2073,20.8475
1.2206,21.0137
1.2340,21.0337
1.2474,20.9626
1.2608,20.8685
1.2741,20.7688
1.2875,20.6723
1.3009,20.5921
1.3142,20.6314
1.3276,20.8149
1.3410,21.0125
1.3543,21.2138
1.3677,21.4245
1.3811,21.6523
1.3944,21.8205
1.4078,21.9403
1.4212,21.9512
1.4346,21.8497
1.4479,21.7478
1.4613,21.9227
1.4747,22.0567
1.4880,22.0810
1.5014,22.1007
1.5148,22.1190
1.5281,22.0710
1.5415,22.0963
1.5549,22.2328
1.5682,22.3227
1.5816,22.0674
0.0000,22.0834
0.0116,22.2908
0.0232,22.3753
0.0347,22.3881
0.0463,22.2976
0.0579,22.2201
0.0695,22.1873
0.0810,22.1604
0.0926,21.8907
0.1042,21.7104
0.1158,21.5263
0.1274,21.4726
0.1389,21.5887
0.1505,21.6405
0.1621,21.5864
0.1737,21.4385
0.1853,21.2305
0.1968,20.9915
0.2084,20.7847
0.2200,20.6426
0.2316,20.5618
0.2431,20.5669
0.2547,20.6047
0.2663,20.6520
0.2779,20.6964
0.2895,20.7264
0.3010,20.7278
0.3126,20.7125
0.3242,20.6286
0.3358,20.5486
0.3473,20.4291
0.3589,20.2120
0.3705,20.0076
0.3821,19.9827
0.3937,19.9708
0.4052,19.9508
0.4168,19.9223
0.4284,19.8870
0.4400,19.8471
0.4516,19.8043
0.4631,19.7601
0.4747,19.7158
0.4863,19.6727
0.4979,19.6323
0.5094,19.5963
0.5210,19.5667
0.5326,19.5464
0.5442,19.5393
0.5558,19.5485
0.5673,19.5689
0.5789,19.5804
0.5856,19.5743
0.5923,19.5511
0.5990,19.5075
0.6057,19.4733
0.6123,19.4762
0.6190,19.5060
0.6257,19.5448
0.6324,19.5834
0.6391,19.6257
0.6458,19.6607
0.6524,19.7058
0.6591,19.7691
0.6658,19.8632
0.6725,19.8456
0.6792,19.8499
0.6859,19.9361
0.6926,20.0291
0.6992,20.1251
0.7059,20.2224
0.7126,20.3209
0.7193,20.4202
0.7260,20.5197
0.7327,20.6180
0.7393,20.7106
0.7460,20.6385
0.7527,20.5588
0.7594,20.4774
0.7661,20.3999
0.7728,20.3358
0.7795,20.3025
0.7861,20.3047
0.7928,20.2854
0.7995,20.3006
0.8062,20.3306
0.8129,20.3675
0.8196,20.4085
0.8262,20.4524
0.8329,20.4986
0.8396,20.5468
0.8463,20.5969
0.8530,20.6486
0.8597,20.7020
0.8664,20.7569
0.8730,20.8132
0.8797,20.8708
0.8864,20.9293
0.8931,20.9883
0.8998,21.0464
0.9065,21.0988
0.9131,21.1255
0.9265,21.0490
0.9399,20.9499
0.9533,20.8744
0.9666,20.8206
0.9800,20.7779
0.9934,20.7376
1.0067,20.6955
1.0201,20.6523
1.0335,20.6121
1.0468,20.5819
1.0602,20.5688
1.0736,20.5774
1.0870,20.6057
1.1003,20.5520
1.1137,20.5084
1.1271,20.5232
1.1404,20.6049
1.1538,20.6743
1.1672,20.7988
1.1805,20.9513
1.1939,21.0889
1.2073,21.1795
1.2206,21.2353
1.2340,21.3866
1.2474,21.6067
1.2608,21.8205
1.2741,21.8756
1.2875,21.8900
1.3009,21.8680
1.3142,21.8235
1.3276,21.7786
1.3410,21.7691
1.3543,21.8001
1.3677,21.7458
1.3811,21.6919
1.3944,21.9417
1.4078,22.2258
1.4212,22.1551
1.4346,22.0912
1.4479,22.0439
1.4613,22.0186
1.4747,22.0573
1.4880,22.1773
1.5014,22.1580
1.5148,22.1566
1.5281,22.1197
1.5415,22.1077
1.5549,22.2370
1.5682,22.3699
1.5816,22.0834
0.0000,22.0834
0.0116,22.2908
0.0232,22.3753
0.0347,22.3881
0.0463,22.2976
0.0579,22.2201
0.0695,22.1873
0.0810,22.1604
0.0926,21.8907
0.1042,21.7104
0.1158,21.5263
0.1274,21.4726
0.1389,21.5887
0.1505,21.6405
0.1621,21.5864
0.1737,21.4385
0.1853,21.2305
0.1968,20.9915
0.2084,20.7847
0.2200,20.6426
0.2316,20.5618
0.2431,20.5669
0.2547,20.6047
0.2663,20.6520
0.2779,20.6964
0.2895,20.7264
0.3010,20.7278
0.3126,20.7125
0.3242,20.6286
0.3358,20.5486
0.3473,20.4291
0.3589,20.2120
0.3705,20.0076
0.3821,19.9827
0.3937,19.9708
0.4052,19.9508
0.4168,19.9223
0.4284,19.8870
0.4400,19.8471
0.4516,19.8043
0.4631,19.7601
0.4747,19.7158
0.4863,19.6727
0.4979,19.6323
0.5094,19.5963
0.5210,19.5667
0.5326,19.5464
0.5442,19.5393
0.5558,19.5485
0.5673,19.5689
0.5789,19.5804
0.5856,19.5745
0.5923,19.5513
0.5990,19.5076
0.6057,19.4734
0.6123,19.4762
0.6190,19.5060
0.6257,19.5449
0.6324,19.5840
0.6391,19.6259
0.6458,19.6619
0.6524,19.7091
0.6591,19.7728
0.6658,19.8658
0.6725,19.8458
0.6792,19.8530
0.6859,19.9390
0.6926,20.0309
0.6992,20.1255
0.7059,20.2232
0.7126,20.3227
0.7193,20.4228
0.7260,20.5227
0.7327,20.6209
0.7393,20.7115
0.7460,20.6385
0.7527,20.5588
0.7594,20.4774
0.7661,20.4000
0.7728,20.3358
0.7795,20.3025
0.7861,20.3054
0.7928,20.2865
0.7995,20.3017
0.8062,20.3316
0.8129,20.3685
0.8196,20.4094
0.8262,20.4531
0.8329,20.4992
0.8396,20.5474
0.8463,20.5974
0.8530,20.6490
0.8597,20.7023
0.8664,20.7572
0.8730,20.8134
0.8797,20.8709
0.8864,20.9294
0.8931,20.9884
0.8998,21.0465
0.9065,21.0991
0.9131,21.1260
0.9265,21.0493
0.9399,20.9518
0.9533,20.8787
0.9666,20.8274
0.9800,20.7869
0.9934,20.7485
1.0067,20.7079
1.0201,20.6657
1.0335,20.6262
1.0468,20.5963
1.0602,20.5830
1.0736,20.5912
1.0870,20.6192
1.1003,20.5522
1.1137,20.5085
1.1271,20.5233
1.1404,20.6052
1.1538,20.6771
1.1672,20.7991
1.1805,20.9517
1.1939,21.0896
1.2073,21.1801
1.2206,21.2359
1.2340,21.3869
1.2474,21.6075
1.2608,21.8206
1.2741,21.8756
1.2875,21.8901
1.3009,21.8681
1.3142,21.8235
1.3276,21.7786
1.3410,21.7691
1.3543,21.8009
1.3677,21.7469
1.3811,21.6929
1.3944,21.9421
1.4078,22.2259
1.4212,22.1551
1.4346,22.0912
1.4479,22.0439
1.4613,22.0186
1.4747,22.0573
1.4880,22.1773
1.5014,22.1581
1.5148,22.1572
1.5281,22.1200
1.5415,22.1081
1.5549,22.2374
1.5682,22.3699
1.5816,22.0834
0.0000,22.2033
0.0116,22.4457
0.0232,22.5071
0.0347,22.6082
0.0463,22.6510
0.0579,22.6466
0.0695,22.4496
0.0810,22.2039
0.0926,22.2484
0.1042,22.2910
0.1158,22.3072
0.1274,22.2859
0.1389,22.2300
0.1505,22.1436
0.1621,21.8869
0.1737,21.6201
0.1853,21.3499
0.1968,21.0841
0.2084,20.8362
0.2200,20.9072
0.2316,21.0114
0.2431,21.0690
0.2547,21.0715
0.2663,21.0328
0.2779,20.9705
0.2895,20.8914
0.3010,20.8001
0.3126,20.7366
0.3242,20.6561
0.3358,20.5771
0.3473,20.4726
0.3589,20.4006
0.3705,20.3329
0.3821,20.2694
0.3937,20.2103
0.4052,20.1558
0.4168,20.1059
0.4284,20.0531
0.4400,20.0037
0.4516,19.9582
0.4631,19.9166
0.4747,19.8789
0.4863,19.8451
0.4979,19.8153
0.5094,19.7894
0.5210,19.7674
0.5326,19.7495
0.5442,19.7355
0.5558,19.7255
0.5673,19.7196
0.5789,19.7176
0.5856,19.6678
0.5923,19.6416
0.5990,19.6382
0.6057,19.6414
0.6123,19.6484
0.6190,19.6592
0.6257,19.6769
0.6324,19.7162
0.6391,19.8214
0.6458,19.9830
0.6524,20.1269
0.6591,20.0112
0.6658,19.9149
0.6725,19.9030
0.6792,20.0200
0.6859,20.1882
0.6926,20.3628
0.6992,20.5286
0.7059,20.6714
0.7126,20.7724
0.7193,20.8176
0.7260,20.8121
0.7327,20.7724
0.7393,20.7135
0.7460,20.7905
0.7527,20.7779
0.7594,20.6907
0.7661,20.5851
0.7728,20.4753
0.7795,20.3745
0.7861,20.3090
0.7928,20.3377
0.7995,20.3753
0.8062,20.4173
0.8129,20.4620
0.8196,20.5086
0.8262,20.5568
0.8329,20.6060
0.8396,20.6559
0.8463,20.7059
0.8530,20.7555
0.8597,20.8042
0.8664,20.8516
0.8730,20.8974
0.8797,20.9418
0.8864,20.9854
0.8931,21.0299
0.8998,21.0772
0.9065,21.1287
0.9131,21.1744
0.9265,21.1523
0.9399,21.1928
0.9533,21.2377
0.9666,21.2768
0.9800,21.3024
0.9934,21.3045
1.0067,21.2730
1.0201,21.2045
1.0335,21.1059
1.0468,20.9891
1.0602,20.8653
1.0736,20.7445
1.0870,20.6365
1.1003,20.6454
1.1137,20.6735
1.1271,20.6714
1.1404,20.6470
1.1538,20.7426
1.1672,20.9129
1.1805,21.0954
1.1939,21.2670
1.2073,21.4026
1.2206,21.5141
1.2340,21.6249
1.2474,21.7320
1.2608,21.8385
1.2741,22.0281
1.2875,22.0616
1.3009,22.0242
1.3142,21.9692
1.3276,21.9111
1.3410,21.8546
1.3543,21.8395
1.3677,21.9962
1.3811,22.1805
1.3944,22.2640
1.4078,22.2326
1.4212,22.3685
1.4346,22.3234
1.4479,22.2831
1.4613,22.2579
1.4747,22.2181
1.4880,22.1926
1.5014,22.3312
1.5148,22.5032
1.5281,22.5873
1.5415,22.4768
1.5549,22.4670
1.5682,22.4838
1.5816,22.2033
0.0000,22.2033
0.0116,22.4457
0.0232,22.5071
0.0347,22.6082
0.0463,22.6511
0.0579,22.6466
0.0695,22.4496
0.0810,22.2039
0.0926,22.2484
0.1042,22.2910
0.1158,22.3072
0.1274,22.2859
0.1389,22.2300
0.1505,22.1436
0.1621,21.8869
0.1737,21.6201
0.1853,21.3499
0.1968,21.0841
0.2084,20.8362
0.2200,20.9072
0.2316,21.0114
0.2431,21.0690
0.2547,21.0715
0.2663,21.0328
0.2779,20.9705
0.2895,20.8914
0.3010,20.8001
0.3126,20.7366
0.3242,20.6561
0.3358,20.5771
0.3473,20.4726
0.3589,20.4006
0.3705,20.3329
0.3821,20.2694
0.3937,20.2103
0.4052,20.1558
0.4168,20.1059
0.4284,20.0531
0.4400,20.0037
0.4516,19.9582
0.4631,19.9166
0.4747,19.8789
0.4863,19.8451
0.4979,19.8153
0.5094,19.7894
0.5210,19.7674
0.5326,19.7495
0.5442,19.7355
0.5558,19.7255
0.5673,19.7196
0.5789,19.7176
0.5856,19.6678
0.5923,19.6417
0.5990,19.6382
0.6057,19.6414
0.6123,19.6484
0.6190,19.6592
0.6257,19.6769
0.6324,19.7162
0.6391,19.8214
0.6458,19.9830
0.6524,20.1270
0.6591,20.0112
0.6658,19.9150
0.6725,19.9030
0.6792,20.0200
0.6859,20.1883
0.6926,20.3628
0.6992,20.5286
0.7059,20.6715
0.7126,20.7725
0.7193,20.8176
0.7260,20.8121
0.7327,20.7724
0.7393,20.7148
0.7460,20.7910
0.7527,20.7789
0.7594,20.6910
0.7661,20.5851
0.7728,20.4755
0.7795,20.3746
0.7861,20.3090
0.7928,20.3377
0.7995,20.3753
0.8062,20.4173
0.8129,20.4620
0.8196,20.5087
0.8262,20.5568
0.8329,20.6060
0.8396,20.6559
0.8463,20.7059
0.8530,20.7556
0.8597,20.8043
0.8664,20.8517
0.8730,20.8975
0.8797,20.9419
0.8864,20.9856
0.8931,21.0301
0.8998,21.0774
0.9065,21.1288
0.9131,21.1747
0.9265,21.1523
0.9399,21.1929
0.9533,21.2378
0.9666,21.2769
0.9800,21.3025
0.9934,21.3047
1.0067,21.2731
1.0201,21.2046
1.0335,21.1060
1.0468,20.9892
1.0602,20.8655
1.0736,20.7447
1.0870,20.6370
1.1003,20.6575
1.1137,20.6848
1.1271,20.6813
1.1404,20.6540
1.1538,20.7427
1.1672,20.9129
1.1805,21.0954
1.1939,21.2671
1.2073,21.4026
1.2206,21.5141
1.2340,21.6250
1.2474,21.7320
1.2608,21.8394
1.2741,22.0285
1.2875,22.0616
1.3009,22.0243
1.3142,21.9693
1.3276,21.9111
1.3410,21.8549
1.3543,21.8396
1.3677,21.9962
1.3811,22.1805
1.3944,22.2640
1.4078,22.2331
1.4212,22.3685
1.4346,22.3234
1.4479,22.2832
1.4613,22.2580
1.4747,22.2181
1.4880,22.1927
1.5014,22.3312
1.5148,22.5032
1.5281,22.5873
1.5415,22.4771
1.5549,22.4671
1.5682,22.4838
1.5816,22.2033
0.0000,22.5407
0.0116,22.5139
0.0232,22.6192
0.0347,22.6295
0.0463,22.7368
0.0579,22.8845
0.0695,22.7910
0.0810,22.6945
0.0926,22.7125
0.1042,22.7633
0.1158,22.7354
0.1274,22.5909
0.1389,22.3829
0.1505,22.1495
0.1621,22.0533
0.1737,21.9485
0.1853,21.8391
0.1968,21.7278
0.2084,21.6162
0.2200,21.5055
0.2316,21.3965
0.2431,21.2897
0.2547,21.1855
0.2663,21.0843
0.2779,20.9861
0.2895,20.8966
0.3010,20.8174
0.3126,20.7801
0.3242,20.7971
0.3358,20.6470
0.3473,20.5004
0.3589,20.4264
0.3705,20.3554
0.3821,20.2878
0.3937,20.2237
0.4052,20.1631
0.4168,20.1062
0.4284,20.0608
0.4400,20.0207
0.4516,19.9859
0.4631,19.9563
0.4747,19.9324
0.4863,19.9142
0.4979,19.9017
0.5094,19.8950
0.5210,19.8936
0.5326,19.8968
0.5442,19.9032
0.5558,19.9107
0.5673,19.9126
0.5789,19.8683
0.5856,19.8677
0.5923,19.7893
0.5990,19.7454
0.6057,19.7420
0.6123,19.7675
0.6190,19.8192
0.6257,19.8982
0.6324,20.0020
0.6391,20.1233
0.6458,20.2512
0.6524,20.1665
0.6591,20.1166
0.6658,19.9875
0.6725,20.0184
0.6792,20.1921
0.6859,20.3843
0.6926,20.5831
0.6992,20.7772
0.7059,20.9224
0.7126,20.9743
0.7193,20.9933
0.7260,20.9968
0.7327,20.9841
0.7393,20.9529
0.7460,20.9124
0.7527,20.9337
0.7594,21.0087
0.7661,21.0838
0.7728,21.1530
0.7795,21.2148
0.7861,21.2694
0.7928,21.3174
0.7995,21.3599
0.8062,21.3976
0.8129,21.4310
0.8196,21.4606
0.8262,21.4865
0.8329,21.5083
0.8396,21.5258
0.8463,21.5382
0.8530,21.5445
0.8597,21.5436
0.8664,21.5340
0.8730,21.5145
0.8797,21.4845
0.8864,21.4440
0.8931,21.3947
0.8998,21.3366
0.9065,21.2583
0.9131,21.1987
0.9265,21.3103
0.9399,21.4384
0.9533,21.5669
0.9666,21.6910
0.9800,21.8041
0.9934,21.8974
1.0067,21.9671
1.0201,22.0221
1.0335,22.0733
1.0468,22.1001
1.0602,22.0024
1.0736,21.8990
1.0870,21.7988
1.1003,21.7140
1.1137,21.6626
1.1271,21.6611
1.1404,21.7063
1.1538,21.7151
1.1672,21.6370
1.1805,21.5931
1.1939,21.6105
1.2073,21.7190
1.2206,21.7947
1.2340,21.9055
1.2474,22.0174
1.2608,22.1052
1.2741,22.1944
1.2875,22.3968
1.3009,22.4490
1.3142,22.3906
1.3276,22.3395
1.3410,22.3088
1.3543,22.3116
1.3677,22.3523
1.3811,22.4095
1.3944,22.4335
1.4078,22.4113
1.4212,22.4549
1.4346,22.3931
1.4479,22.3252
1.4613,22.2640
1.4747,22.2312
1.4880,22.3275
1.5014,22.6499
1.5148,22.6930
1.5281,22.6264
1.5415,22.5947
1.5549,22.5469
1.5682,22.5200
1.5816,22.5407
0.0000,22.5407
0.0116,22.5139
0.0232,22.6192
0.0347,22.6295
0.0463,22.7368
0.0579,22.8845
0.0695,22.7910
0.0810,22.6945
0.0926,22.7125
0.1042,22.7633
0.1158,22.7354
0.1274,22.5909
0.1389,22.3829
0.1505,22.1495
0.1621,22.0533
0.1737,21.9485
0.1853,21.8391
0.1968,21.7278
0.2084,21.6162
0.2200,21.5055
0.2316,21.3965
0.2431,21.2897
0.2547,21.1855
0.2663,21.0843
0.2779,20.9861
0.2895,20.8966
0.3010,20.8174
0.3126,20.7801
0.3242,20.7971
0.3358,20.6470
0.3473,20.5004
0.3589,20.4264
0.3705,20.3554
0.3821,20.2878
0.3937,20.2237
0.4052,20.1631
0.4168,20.1062
0.4284,20.0608
0.4400,20.0207
0.4516,19.9859
0.4631,19.9563
0.4747,19.9324
0.4863,19.9142
0.4979,19.9017
0.5094,19.8950
0.5210,19.8936
0.5326,19.8968
0.5442,19.9032
0.5558,19.9107
0.5673,19.9126
0.5789,19.8683
0.5856,19.8681
0.5923,19.7901
0.5990,19.7469
0.6057,19.7441
0.6123,19.7702
0.6190,19.8219
0.6257,19.9004
0.6324,20.0032
0.6391,20.1233
0.6458,20.2522
0.6524,20.1666
0.6591,20.1169
0.6658,19.9877
0.6725,20.0191
0.6792,20.1923
0.6859,20.3849
0.6926,20.5835
0.6992,20.7781
0.7059,20.9291
0.7126,20.9828
0.7193,21.0009
0.7260,21.0031
0.7327,20.9887
0.7393,20.9557
0.7460,20.9128
0.7527,20.9348
0.7594,21.0089
0.7661,21.0857
0.7728,21.1566
0.7795,21.2200
0.7861,21.2759
0.7928,21.3249
0.7995,21.3681
0.8062,21.4062
0.8129,21.4398
0.8196,21.4695
0.8262,21.4952
0.8329,21.5168
0.8396,21.5338
0.8463,21.5456
0.8530,21.5513
0.8597,21.5495
0.8664,21.5389
0.8730,21.5184
0.8797,21.4873
0.8864,21.4458
0.8931,21.3958
0.8998,21.3368
0.9065,21.2583
0.9131,21.1987
0.9265,21.3104
0.9399,21.4384
0.9533,21.5669
0.9666,21.6911
0.9800,21.8041
0.9934,21.8974
1.0067,21.9672
1.0201,22.0222
1.0335,22.0734
1.0468,22.1016
1.0602,22.0034
1.0736,21.8994
1.0870,21.7991
1.1003,21.7152
1.1137,21.6645
1.1271,21.6630
1.1404,21.7072
1.1538,21.7152
1.1672,21.6370
1.1805,21.5931
1.1939,21.6106
1.2073,21.7191
1.2206,21.7949
1.2340,21.9063
1.2474,22.0188
1.2608,22.1066
1.2741,22.1948
1.2875,22.3969
1.3009,22.4528
1.3142,22.3937
1.3276,22.3418
1.3410,22.3103
1.3543,22.3122
1.3677,22.3524
1.3811,22.4096
1.3944,22.4335
1.4078,22.4114
1.4212,22.4550
1.4346,22.3932
1.4479,22.3252
1.4613,22.2640
1.4747,22.2313
1.4880,22.3275
1.5014,22.6499
1.5148,22.6931
1.5281,22.6268
1.5415,22.5947
1.5549,22.5469
1.5682,22.5200
1.5816,22.5407
0.0000,22.7359
0.0116,22.6001
0.0232,22.6204
0.0347,22.6479
0.0463,22.7950
0.0579,22.9368
0.0695,22.9055
0.0810,22.9043
0.0926,22.8750
0.1042,22.8186
0.1158,22.7472
0.1274,22.6760
0.1389,22.6255
0.1505,22.6085
0.1621,22.4727
0.1737,22.3436
0.1853,22.2233
0.1968,22.1056
0.2084,21.9866
0.2200,21.8791
0.2316,21.7810
0.2431,21.6915
0.2547,21.6097
0.2663,21.5347
0.2779,21.4636
0.2895,21.3869
0.3010,21.2794
0.3126,21.1163
0.3242,20.9358
0.3358,20.8901
0.3473,20.8973
0.3589,20.9014
0.3705,20.9013
0.3821,20.8984
0.3937,20.8936
0.4052,20.8871
0.4168,20.8783
0.4284,20.8663
0.4400,20.8495
0.4516,20.8259
0.4631,20.7925
0.4747,20.7459
0.4863,20.6827
0.4979,20.6004
0.5094,20.4995
0.5210,20.3838
0.5326,20.2592
0.5442,20.1325
0.5558,20.0122
0.5673,19.9167
0.5789,19.9190
0.5856,19.9585
0.5923,20.1045
0.5990,20.2558
0.6057,20.4002
0.6123,20.4980
0.6190,20.5150
0.6257,20.5074
0.6324,20.4766
0.6391,20.3789
0.6458,20.2572
0.6524,20.2372
0.6591,20.3442
0.6658,20.5242
0.6725,20.6983
0.6792,20.8135
0.6859,20.8783
0.6926,20.9286
0.6992,20.9758
0.7059,21.0639
0.7126,21.2355
0.7193,21.4152
0.7260,21.5219
0.7327,21.6247
0.7393,21.7068
0.7460,21.6897
0.7527,21.6823
0.7594,21.6970
0.7661,21.7316
0.7728,21.7829
0.7795,21.8107
0.7861,21.8027
0.7928,21.7933
0.7995,21.7833
0.8062,21.7731
0.8129,21.7629
0.8196,21.7531
0.8262,21.7434
0.8329,21.7334
0.8396,21.7223
0.8463,21.7090
0.8530,21.6918
0.8597,21.6686
0.8664,21.6373
0.8730,21.5964
0.8797,21.5451
0.8864,21.4837
0.8931,21.4135
0.8998,21.3404
0.9065,21.2876
0.9131,21.2602
0.9265,21.3449
0.9399,21.4780
0.9533,21.6203
0.9666,21.7670
0.9800,21.9147
0.9934,22.0565
1.0067,22.1729
1.0201,22.2185
1.0335,22.1806
1.0468,22.1217
1.0602,22.1589
1.0736,22.1726
1.0870,22.1523
1.1003,22.0960
1.1137,22.0124
1.1271,21.9136
1.1404,21.8112
1.1538,21.7632
1.1672,21.7824
1.1805,21.7554
1.1939,21.7199
1.2073,21.7240
1.2206,21.9007
1.2340,22.1140
1.2474,22.3382
1.2608,22.5634
1.2741,22.5662
1.2875,22.5118
1.3009,22.6500
1.3142,22.9065
1.3276,22.8585
1.3410,22.7658
1.3543,22.6765
1.3677,22.5982
1.3811,22.5577
1.3944,22.5835
1.4078,22.5201
1.4212,22.4619
1.4346,22.3948
1.4479,22.3372
1.4613,22.2920
1.4747,22.3316
1.4880,22.5025
1.5014,22.6544
1.5148,22.9364
1.5281,23.0117
1.5415,22.9889
1.5549,22.8062
1.5682,22.5815
1.5816,22.7359
0.0000,22.7359
0.0116,22.6001
0.0232,22.6204
0.0347,22.6479
0.0463,22.7950
0.0579,22.9368
0.0695,22.9055
0.0810,22.9043
0.0926,22.8750
0.1042,22.8186
0.1158,22.7472
0.1274,22.6760
0.1389,22.6255
0.1505,22.6085
0.1621,22.4727
0.1737,22.3436
0.1853,22.2233
0.1968,22.1056
0.2084,21.9866
0.2200,21.8791
0.2316,21.7810
0.2431,21.6915
0.2547,21.6097
0.2663,21.5347
0.2779,21.4636
0.2895,21.3869
0.3010,21.2794
0.3126,21.1163
0.3242,20.9358
0.3358,20.8901
0.3473,20.8973
0.3589,20.9014
0.3705,20.9013
0.3821,20.8984
0.3937,20.8936
0.4052,20.8871
0.4168,20.8783
0.4284,20.8663
0.4400,20.8495
0.4516,20.8259
0.4631,20.7925
0.4747,20.7459
0.4863,20.6827
0.4979,20.6004
0.5094,20.4995
0.5210,20.3838
0.5326,20.2592
0.5442,20.1325
0.5558,20.0122
0.5673,19.9167
0.5789,19.9190
0.5856,19.9586
0.5923,20.1045
0.5990,20.2558
0.6057,20.4003
0.6123,20.5019
0.6190,20.5172
0.6257,20.5079
0.6324,20.4769
0.6391,20.3789
0.6458,20.2572
0.6524,20.2376
0.6591,20.3442
0.6658,20.5243
0.6725,20.6983
0.6792,20.8209
0.6859,20.8877
0.6926,20.9382
0.6992,20.9837
0.7059,21.0655
0.7126,21.2366
0.7193,21.4152
0.7260,21.5219
0.7327,21.6247
0.7393,21.7069
0.7460,21.6962
0.7527,21.6883
0.7594,21.7023
0.7661,21.7359
0.7728,21.7860
0.7795,21.8107
0.7861,21.8027
0.7928,21.7934
0.7995,21.7833
0.8062,21.7731
0.8129,21.7630
0.8196,21.7531
0.8262,21.7434
0.8329,21.7334
0.8396,21.7224
0.8463,21.7091
0.8530,21.6919
0.8597,21.6687
0.8664,21.6374
0.8730,21.5965
0.8797,21.5452
0.8864,21.4838
0.8931,21.4135
0.8998,21.3407
0.9065,21.2879
0.9131,21.2605
0.9265,21.3449
0.9399,21.4781
0.9533,21.6204
0.9666,21.7671
0.9800,21.9147
0.9934,22.0569
1.0067,22.1740
1.0201,22.2204
1.0335,22.1825
1.0468,22.1217
1.0602,22.1589
1.0736,22.1727
1.0870,22.1523
1.1003,22.0960
1.1137,22.0124
1.1271,21.9137
1.1404,21.8112
1.1538,21.7639
1.1672,21.7847
1.1805,21.7582
1.1939,21.7224
1.2073,21.7256
1.2206,21.9008
1.2340,22.1141
1.2474,22.3383
1.2608,22.5634
1.2741,22.5688
1.2875,22.5145
1.3009,22.6513
1.3142,22.9079
1.3276,22.8585
1.3410,22.7658
1.3543,22.6765
1.3677,22.5982
1.3811,22.5577
1.3944,22.5835
1.4078,22.5201
1.4212,22.4619
1.4346,22.3948
1.4479,22.3372
1.4613,22.2920
1.4747,22.3317
1.4880,22.5025
1.5014,22.6545
1.5148,22.9364
1.5281,23.0117
1.5415,22.9889
1.5549,22.8062
1.5682,22.5818
1.5816,22.7359
0.0000,22.7369
0.0116,22.6931
0.0232,22.6430
0.0347,22.6889
0.0463,22.8736
0.0579,22.9947
0.0695,23.1886
0.0810,23.3314
0.0926,23.3201
0.1042,23.1901
0.1158,23.0434
0.1274,22.8954
0.1389,22.7498
0.1505,22.6119
0.1621,22.5475
0.1737,22.3901
0.1853,22.2390
0.1968,22.1150
0.2084,22.0241
0.2200,21.9613
0.2316,21.9436
0.2431,21.8893
0.2547,21.7790
0.2663,21.6721
0.2779,21.5634
0.2895,21.4433
0.3010,21.3080
0.3126,21.1766
0.3242,21.0796
0.3358,21.0240
0.3473,20.9982
0.3589,20.9955
0.3705,21.0136
0.3821,21.0504
0.3937,21.1003
0.4052,21.1534
0.4168,21.1948
0.4284,21.2059
0.4400,21.1753
0.4516,21.1093
0.4631,21.0229
0.4747,20.9273
0.4863,20.8288
0.4979,20.7300
0.5094,20.6316
0.5210,20.5331
0.5326,20.4341
0.5442,20.3360
0.5558,20.2450
0.5673,20.1748
0.5789,20.1471
0.5856,20.2014
0.5923,20.2968
0.5990,20.3857
0.6057,20.4546
0.6123,20.5225
0.6190,20.5903
0.6257,20.5716
0.6324,20.4895
0.6391,20.4222
0.6458,20.3440
0.6524,20.3859
0.6591,20.5118
0.6658,20.6280
0.6725,20.7297
0.6792,20.8602
0.6859,21.0019
0.6926,21.1144
0.6992,21.1956
0.7059,21.2580
0.7126,21.3252
0.7193,21.4280
0.7260,21.6099
0.7327,21.7230
0.7393,21.7158
0.7460,21.7627
0.7527,21.7954
0.7594,21.8117
0.7661,21.8173
0.7728,21.8161
0.7795,21.8477
0.7861,21.9233
0.7928,22.0069
0.7995,22.0961
0.8062,22.1886
0.8129,22.2826
0.8196,22.3763
0.8262,22.4677
0.8329,22.5543
0.8396,22.6308
0.8463,22.6822
0.8530,22.6771
0.8597,22.6205
0.8664,22.5507
0.8730,22.4848
0.8797,22.4289
0.8864,22.3850
0.8931,22.3534
0.8998,22.3330
0.9065,22.3220
0.9131,22.3188
0.9265,22.3289
0.9399,22.3531
0.9533,22.3850
0.9666,22.4198
0.9800,22.4529
0.9934,22.4791
1.0067,22.5020
1.0201,22.5576
1.0335,22.6590
1.0468,22.7490
1.0602,22.7836
1.0736,22.7681
1.0870,22.7148
1.1003,22.6361
1.1137,22.5448
1.1271,22.4529
1.1404,22.3758
1.1538,22.3402
1.1672,22.3820
1.1805,22.5037
1.1939,22.6696
1.2073,22.8389
1.2206,22.8925
1.2340,22.8036
1.2474,22.7091
1.2608,22.6293
1.2741,22.7815
1.2875,22.9833
1.3009,23.0276
1.3142,22.9491
1.3276,22.9793
1.3410,22.8996
1.3543,22.8216
1.3677,22.7463
1.3811,22.6700
1.3944,22.5944
1.4078,22.5224
1.4212,22.5217
1.4346,22.7975
1.4479,23.0073
1.4613,22.9710
1.4747,22.9362
1.4880,22.9133
1.5014,22.9147
1.5148,22.9973
1.5281,23.1000
1.5415,22.9996
1.5549,22.8317
1.5682,22.6673
1.5816,22.7369
0.0000,22.7369
0.0116,22.6931
0.0232,22.6430
0.0347,22.6889
0.0463,22.8736
0.0579,22.9947
0.0695,23.1886
0.0810,23.3314
0.0926,23.3201
0.1042,23.1901
0.1158,23.0434
0.1274,22.8954
0.1389,22.7498
0.1505,22.6119
0.1621,22.5475
0.1737,22.3901
0.1853,22.2390
0.1968,22.1150
0.2084,22.0241
0.2200,21.9613
0.2316,21.9436
0.2431,21.8893
0.2547,21.7790
0.2663,21.6721
0.2779,21.5634
0.2895,21.4433
0.3010,21.3080
0.3126,21.1766
0.3242,21.0796
0.3358,21.0240
0.3473,20.9982
0.3589,20.9955
0.3705,21.0136
0.3821,21.0504
0.3937,21.1003
0.4052,21.1534
0.4168,21.1948
0.4284,21.2059
0.4400,21.1753
0.4516,21.1093
0.4631,21.0229
0.4747,20.9273
0.4863,20.8288
0.4979,20.7300
0.5094,20.6316
0.5210,20.5331
0.5326,20.4341
0.5442,20.3360
0.5558,20.2450
0.5673,20.1748
0.5789,20.1471
0.5856,20.2017
0.5923,20.2981
0.5990,20.3885
0.6057,20.4586
0.6123,20.5226
0.6190,20.5903
0.6257,20.5717
0.6324,20.4896
0.6391,20.4227
0.6458,20.3442
0.6524,20.3868
0.6591,20.5122
0.6658,20.6293
0.6725,20.7339
0.6792,20.8603
0.6859,21.0019
0.6926,21.1144
0.6992,21.1956
0.7059,21.2580
0.7126,21.3253
0.7193,21.4286
0.7260,21.6111
0.7327,21.7287
0.7393,21.7224
0.7460,21.7628
0.7527,21.7956
0.7594,21.8119
0.7661,21.8174
0.7728,21.8162
0.7795,21.8499
0.7861,21.9247
0.7928,22.0078
0.7995,22.0967
0.8062,22.1892
0.8129,22.2833
0.8196,22.3773
0.8262,22.4691
0.8329,22.5561
0.8396,22.6331
0.8463,22.6851
0.8530,22.6808
0.8597,22.6250
0.8664,22.5559
0.8730,22.4909
0.8797,22.4359
0.8864,22.3929
0.8931,22.3619
0.8998,22.3419
0.9065,22.3313
0.9131,22.3281
0.9265,22.3379
0.9399,22.3615
0.9533,22.3925
0.9666,22.4262
0.9800,22.4580
0.9934,22.4825
1.0067,22.5034
1.0201,22.5578
1.0335,22.6593
1.0468,22.7492
1.0602,22.7841
1.0736,22.7688
1.0870,22.7154
1.1003,22.6365
1.1137,22.5451
1.1271,22.4533
1.1404,22.3769
1.1538,22.3427
1.1672,22.3859
1.1805,22.5081
1.1939,22.6739
1.2073,22.8419
1.2206,22.8932
1.2340,22.8039
1.2474,22.7097
1.2608,22.6309
1.2741,22.7815
1.2875,22.9833
1.3009,23.0276
1.3142,22.9491
1.3276,22.9795
1.3410,22.8998
1.3543,22.8218
1.3677,22.7464
1.3811,22.6700
1.3944,22.5944
1.4078,22.5224
1.4212,22.5220
1.4346,22.7978
1.4479,23.0074
1.4613,22.9710
1.4747,22.9362
1.4880,22.9133
1.5014,22.9147
1.5148,22.9973
1.5281,23.1000
1.5415,22.9998
1.5549,22.8317
1.5682,22.6676
1.5816,22.7369
